outputs/DDSystems.ecsv
# %ECSV 1.0
# ---
# datatype:
# - {name: hostname, datatype: string, subtype: json}
# - {name: pl_name, datatype: string, subtype: json}
# - {name: sy_dist, unit: pc, datatype: float64}
# - {name: sy_disterr1, datatype: float64}
# - {name: sy_disterr2, datatype: float64}
# - {name: rastr, unit: sexagesimal, datatype: string, subtype: json}
# - {name: decstr, unit: sexagesimal, datatype: string, subtype: json}
# - {name: sy_vmag, datatype: float64}
# - {name: sy_jmag, datatype: float64}
# - {name: sy_kmag, datatype: float64}
# - {name: st_mass, unit: Solar mass, datatype: float64}
# - {name: st_masserr1, unit: Solar mass, datatype: float64}
# - {name: st_masserr2, unit: Solar mass, datatype: float64}
# - {name: st_rad, unit: Solar Radius, datatype: float64}
# - {name: st_raderr1, unit: Solar Radius, datatype: float64}
# - {name: st_raderr2, unit: Solar Radius, datatype: float64}
# - {name: st_teff, unit: K, datatype: float64}
# - {name: st_tefferr1, unit: K, datatype: float64}
# - {name: st_tefferr2, unit: K, datatype: float64}
# - {name: st_tefferr12, unit: K, datatype: float64}
# - {name: st_tefferr22, unit: K, datatype: float64}
# - {name: st_logg, unit: log10(cm/s**2), datatype: float64}
# - {name: st_lum, unit: log(Solar), datatype: float64}
# - {name: pl_tranmid, unit: days, datatype: float64}
# - {name: pl_tranmiderr1, unit: days, datatype: float64}
# - {name: pl_tranmiderr2, unit: days, datatype: float64}
# - {name: pl_rade, unit: Earth Radius, datatype: float64}
# - {name: pl_radeerr1, unit: Earth Radius, datatype: float64}
# - {name: pl_radeerr2, unit: Earth Radius, datatype: float64}
# - {name: pl_bmasse, unit: Earth Mass, datatype: float64}
# - {name: pl_bmasseerr1, datatype: float64}
# - {name: pl_bmasseerr2, datatype: float64}
# - {name: pl_orbper, unit: days, datatype: float64}
# - {name: pl_orbpererr1, unit: days, datatype: float64}
# - {name: pl_orbpererr2, unit: days, datatype: float64}
# - {name: pl_orbsmax, datatype: float64}
# - {name: pl_orbsmaxerr1, unit: AU, datatype: float64}
# - {name: pl_orbsmaxerr2, unit: AU, datatype: float64}
# - {name: pl_orbincl, unit: deg, datatype: float64}
# - {name: pl_imppar, datatype: float64}
# - {name: pl_orbeccen, datatype: float64}
# - {name: pl_orbeccenerr1, datatype: float64}
# - {name: pl_orbeccenerr2, datatype: float64}
# - {name: pl_eqt, unit: K, datatype: float64}
# - {name: pl_ratror, datatype: float64}
# - {name: pl_ratrorerr1, datatype: float64}
# - {name: pl_ratrorerr2, datatype: float64}
# - {name: pl_ratdor, datatype: float64}
# - {name: pl_ratdorerr1, datatype: float64}
# - {name: pl_ratdorerr2, datatype: float64}
# - {name: tran_flag, datatype: int32}
# - {name: rv_flag, datatype: int32}
# schema: astropy-2.0
hostname pl_name sy_dist sy_disterr1 sy_disterr2 rastr decstr sy_vmag sy_jmag sy_kmag st_mass st_masserr1 st_masserr2 st_rad st_raderr1 st_raderr2 st_teff st_tefferr1 st_tefferr2 st_tefferr12 st_tefferr22 st_logg st_lum pl_tranmid pl_tranmiderr1 pl_tranmiderr2 pl_rade pl_radeerr1 pl_radeerr2 pl_bmasse pl_bmasseerr1 pl_bmasseerr2 pl_orbper pl_orbpererr1 pl_orbpererr2 pl_orbsmax pl_orbsmaxerr1 pl_orbsmaxerr2 pl_orbincl pl_imppar pl_orbeccen pl_orbeccenerr1 pl_orbeccenerr2 pl_eqt pl_ratror pl_ratrorerr1 pl_ratrorerr2 pl_ratdor pl_ratdorerr1 pl_ratdorerr2 tran_flag rv_flag
[from data line 88]
"""TOI-6008""" """TOI-6008 b""" 23.1008 0.0293 -0.0291 """20h41m47.70s""" """+49d38m48.84s""" 15.97 10.416 9.541 0.23 0.01 -0.01 0.24 0.01 -0.01 3075.0 75.0 -75.0 75.0 -75.0 5.01 -2.329 2460078.016214 0.000311 -0.000311 1.03 0.05 -0.05 4.0 0.0 0.0 0.8574347 4.24e-05 -4.24e-05 0.010777 0.000162 -0.000162 87.2 0.45 0.0 0.0 0.0 707.0 0.03867 0.00109 -0.00109 0.0 0.0 0.0 1 0
"""TOI-540""" """TOI-540 b""" 14.0022 0.0088 -0.0089 """05h05m14.33s""" """-47d56m15.14s""" 14.823 9.755 8.9 0.16 0.01 -0.01 0.19 0.01 -0.01 3216.0 83.0 -83.0 83.0 -83.0 4.44 -2.461 2458411.82601 0.00046 -0.00046 0.903 0.052 -0.052 0.674 0.0 0.0 1.2391491 1.7e-06 -1.7e-06 0.01223 0.00036 -0.00036 86.8 0.772 0.0 0.0 0.0 611.0 0.0436 0.0012 -0.0012 13.9 0.72 -0.72 1 0
"""Wolf 327""" """Wolf 327 b""" 28.5321 0.0512 -0.0512 """09h53m30.80s""" """+35d34m13.97s""" 13.018 9.308 8.435 0.41 0.02 -0.02 0.41 0.02 -0.02 3542.0 70.0 -70.0 70.0 -70.0 4.87 -1.63 2459252.9811 0.0003 -0.0003 1.24 0.06 -0.06 2.53 0.46 -0.46 0.5734745 3e-07 -3e-07 0.01 0.0004 -0.0004 84.89 0.47 0.0 0.0 0.0 996.0 0.028 0.0007 -0.0007 5.3 0.06 -0.06 1 1
"""GJ 806""" """GJ 806 b""" 12.0445 0.00435 -0.00435 """20h45m04.73s""" """+44d30m00.85s""" 10.79 7.329 6.533 0.41 0.01 -0.01 0.41 0.0 -0.0 3600.0 16.0 -16.0 16.0 -16.0 4.98 -1.585 2459445.57371 0.00015 -0.00015 1.331 0.023 -0.023 1.9 0.17 -0.17 0.9263237 9e-07 -9e-07 0.01406 0.0003 -0.0003 87.7 0.3 0.0 0.0 0.0 940.0 0.0294 0.0004 -0.0004 0.0 0.0 0.0 1 1
"""GJ 806""" """GJ 806 c""" 12.0445 0.00435 -0.00435 """20h45m04.73s""" """+44d30m00.85s""" 10.79 7.329 6.533 0.41 0.01 -0.01 0.41 0.0 -0.0 3600.0 16.0 -16.0 16.0 -16.0 4.98 -1.585 2459422.182 0.05 -0.05 2.28 0.0 0.0 5.8 0.3 -0.3 6.64064 0.00025 -0.00025 0.0523 0.0011 -0.0011 0.0 0.0 0.0 0.0 0.0 490.0 0.0 0.0 0.0 0.0 0.0 0.0 0 1
"""TOI-1685""" """TOI-1685 b""" 37.6153 0.0728 -0.0725 """04h34m22.55s""" """+43d02m13.34s""" 13.378 9.616 8.758 0.45 0.02 -0.02 0.46 0.01 -0.01 3575.0 53.0 -53.0 53.0 -53.0 4.77 -1.515 2459910.93828 0.00041 -0.00039 1.468 0.05 -0.051 3.03 0.33 -0.32 0.66913924 4.2e-07 -4.2e-07 0.01138 0.00035 -0.00034 87.17 0.266 0.0 0.0 0.0 1062.0 0.02956 0.00057 -0.00061 5.158 0.019 -0.018 1 1
"""Kepler-42""" """Kepler-42 b""" 40.0595 0.065 -0.0647 """19h28m52.70s""" """+44d37m02.52s""" 16.7 12.177 11.465 0.13 0.05 -0.05 0.17 0.04 -0.04 3068.0 174.0 -174.0 174.0 -174.0 5.11 -2.62 2455003.48329 0.00054 -0.00054 0.78 0.22 -0.22 0.399 0.0 0.0 1.2137672 4.6e-06 -4.6e-06 0.0116 0.0 0.0 85.57 0.711 0.04 0.2 -0.04 519.0 0.0419 0.0018 -0.0018 12.1 3.7 -3.7 1 0
"""Kepler-42""" """Kepler-42 c""" 40.0595 0.065 -0.0647 """19h28m52.70s""" """+44d37m02.52s""" 16.7 12.177 11.465 0.13 0.05 -0.05 0.17 0.04 -0.04 3068.0 174.0 -174.0 174.0 -174.0 5.11 -2.62 2454966.86952 0.00042 -0.00042 0.73 0.2 -0.2 0.315 0.0 0.0 0.45328509 9.7e-07 -9.7e-07 0.006 0.0 0.0 81.11 0.52 0.0 0.1 0.0 720.0 0.0395 0.0011 -0.0011 4.44 1.8 -1.8 1 0
"""Kepler-42""" """Kepler-42 d""" 40.0595 0.065 -0.0647 """19h28m52.70s""" """+44d37m02.52s""" 16.7 12.177 11.465 0.13 0.05 -0.05 0.17 0.04 -0.04 3068.0 174.0 -174.0 174.0 -174.0 5.11 -2.62 2454966.7847 0.0013 -0.0013 0.57 0.18 -0.18 0.13 0.0 0.0 1.865169 1.4e-05 -1.4e-05 0.0154 0.0 0.0 88.02 0.681 0.02 0.22 -0.02 450.0 0.0307 0.0019 -0.0019 37.02 2.9 -2.9 1 0
"""TOI-4527""" """TOI-4527.01""" 18.1037 0.0174 -0.0174 """01h17m53.34s""" """+05d28m16.32s""" 10.917 7.839 7.02 0.48 0.0 0.0 0.49 0.0 0.0 3702.0 0.0 0.0 0.0 0.0 4.75 -1.398 2459474.200243 0.001356 -0.001356 0.909 0.953 -0.953 0.689 0.0 0.0 0.3994445 0.0 0.0 0.008332 0.0 0.0 0.0 0.0 0.0 0.0 0.0 1362.926593 0.01713 0.0 0.0 0.0 0.0 0.0 1 0
"""GJ 1252""" """GJ 1252 b""" 20.373 0.0192 -0.0192 """20h27m42.88s""" """-56d27m44.23s""" 12.68 8.697 7.915 0.38 0.02 -0.02 0.39 0.02 -0.02 3458.0 140.0 -133.0 140.0 -133.0 4.89 -1.708 2458668.09744 0.00091 -0.00091 1.193 0.074 -0.074 1.32 0.28 -0.28 0.5182331 8.4e-06 -8.4e-06 0.00915 0.00015 -0.00015 85.0 0.44 0.0 0.0 0.0 1089.0 0.02802 0.0009 -0.0009 5.03 0.27 -0.27 1 1
"""GJ 367""" """GJ 367 b""" 9.41263 0.002835 -0.002835 """09h44m29.15s""" """-45d46m44.46s""" 10.153 6.632 5.78 0.46 0.01 -0.01 0.46 0.01 -0.01 3522.0 70.0 -70.0 70.0 -70.0 4.78 -1.539 2458544.13635 0.0004 -0.0004 0.699 0.024 -0.024 0.633 0.05 -0.05 0.3219225 2e-07 -2e-07 0.00709 0.00027 -0.00027 79.89 0.584 0.06 0.07 -0.04 1365.0 0.01399 0.00028 -0.00028 3.41 0.06 -0.07 1 1
"""GJ 367""" """GJ 367 c""" 9.41263 0.002835 -0.002835 """09h44m29.15s""" """-45d46m44.46s""" 10.153 6.632 5.78 0.46 0.01 -0.01 0.46 0.01 -0.01 3522.0 70.0 -70.0 70.0 -70.0 4.78 -1.539 2459153.94 0.3 -0.3 1.86 0.0 0.0 4.13 0.36 -0.36 11.5301 0.0078 -0.0078 0.0 0.0 0.0 0.0 0.0 0.09 0.07 -0.07 0.0 0.0 0.0 0.0 0.0 0.0 0.0 0 1
"""GJ 367""" """GJ 367 d""" 9.41263 0.002835 -0.002835 """09h44m29.15s""" """-45d46m44.46s""" 10.153 6.632 5.78 0.46 0.01 -0.01 0.46 0.01 -0.01 3522.0 70.0 -70.0 70.0 -70.0 4.78 -1.539 2459181.82 1.1 -1.1 2.33 0.0 0.0 6.03 0.49 -0.49 34.369 0.073 -0.073 0.0 0.0 0.0 0.0 0.0 0.14 0.09 -0.09 0.0 0.0 0.0 0.0 0.0 0.0 0.0 0 1
"""GJ 238""" """GJ 238 b""" 15.2142 0.0071 -0.0072 """06h33m49.17s""" """-58d31m30.11s""" 11.62 7.898 7.03 0.42 0.01 -0.01 0.43 0.01 -0.01 3485.0 140.0 -140.0 140.0 -140.0 4.85 -1.616 2458326.98222 0.00064 -0.0007 0.566 0.014 -0.014 0.126 0.0 0.0 1.7446999 1.9e-06 -1.8e-06 0.02123 0.00016 -0.00017 89.99 0.202 0.0 0.0 0.0 758.0 0.01204 0.00023 -0.00023 0.0 0.0 0.0 1 0
