outputs/DDSystems.ecsv
# %ECSV 1.0
# ---
# datatype:
# - {name: hostname, datatype: string, subtype: json}
# - {name: pl_name, datatype: string, subtype: json}
# - {name: sy_dist, unit: pc, datatype: float64}
# - {name: sy_disterr1, datatype: float64}
# - {name: sy_disterr2, datatype: float64}
# - {name: rastr, unit: sexagesimal, datatype: string, subtype: json}
# - {name: decstr, unit: sexagesimal, datatype: string, subtype: json}
# - {name: sy_vmag, datatype: float64}
# - {name: sy_jmag, datatype: float64}
# - {name: sy_kmag, datatype: float64}
# - {name: st_mass, unit: Solar mass, datatype: float64}
# - {name: st_masserr1, unit: Solar mass, datatype: float64}
# - {name: st_masserr2, unit: Solar mass, datatype: float64}
# - {name: st_rad, unit: Solar Radius, datatype: float64}
# - {name: st_raderr1, unit: Solar Radius, datatype: float64}
# - {name: st_raderr2, unit: Solar Radius, datatype: float64}
# - {name: st_teff, unit: K, datatype: float64}
# - {name: st_tefferr1, unit: K, datatype: float64}
# - {name: st_tefferr2, unit: K, datatype: float64}
# - {name: st_tefferr12, unit: K, datatype: float64}
# - {name: st_tefferr22, unit: K, datatype: float64}
# - {name: st_logg, unit: log10(cm/s**2), datatype: float64}
# - {name: st_lum, unit: log(Solar), datatype: float64}
# - {name: pl_tranmid, unit: days, datatype: float64}
# - {name: pl_tranmiderr1, unit: days, datatype: float64}
# - {name: pl_tranmiderr2, unit: days, datatype: float64}
# - {name: pl_rade, unit: Earth Radius, datatype: float64}
# - {name: pl_radeerr1, unit: Earth Radius, datatype: float64}
# - {name: pl_radeerr2, unit: Earth Radius, datatype: float64}
# - {name: pl_bmasse, unit: Earth Mass, datatype: float64}
# - {name: pl_bmasseerr1, datatype: float64}
# - {name: pl_bmasseerr2, datatype: float64}
# - {name: pl_orbper, unit: days, datatype: float64}
# - {name: pl_orbpererr1, unit: days, datatype: float64}
# - {name: pl_orbpererr2, unit: days, datatype: float64}
# - {name: pl_orbsmax, datatype: float64}
# - {name: pl_orbsmaxerr1, unit: AU, datatype: float64}
# - {name: pl_orbsmaxerr2, unit: AU, datatype: float64}
# - {name: pl_orbincl, unit: deg, datatype: float64}
# - {name: pl_imppar, datatype: float64}
# - {name: pl_orbeccen, datatype: float64}
# - {name: pl_orbeccenerr1, datatype: float64}
# - {name: pl_orbeccenerr2, datatype: float64}
# - {name: pl_eqt, unit: K, datatype: float64}
# - {name: pl_ratror, datatype: float64}
# - {name: pl_ratrorerr1, datatype: float64}
# - {name: pl_ratrorerr2, datatype: float64}
# - {name: pl_ratdor, datatype: float64}
# - {name: pl_ratdorerr1, datatype: float64}
# - {name: pl_ratdorerr2, datatype: float64}
# - {name: tran_flag, datatype: int32}
# - {name: rv_flag, datatype: int32}
# schema: astropy-2.0
hostname pl_name sy_dist sy_disterr1 sy_disterr2 rastr decstr sy_vmag sy_jmag sy_kmag st_mass st_masserr1 st_masserr2 st_rad st_raderr1 st_raderr2 st_teff st_tefferr1 st_tefferr2 st_tefferr12 st_tefferr22 st_logg st_lum pl_tranmid pl_tranmiderr1 pl_tranmiderr2 pl_rade pl_radeerr1 pl_radeerr2 pl_bmasse pl_bmasseerr1 pl_bmasseerr2 pl_orbper pl_orbpererr1 pl_orbpererr2 pl_orbsmax pl_orbsmaxerr1 pl_orbsmaxerr2 pl_orbincl pl_imppar pl_orbeccen pl_orbeccenerr1 pl_orbeccenerr2 pl_eqt pl_ratror pl_ratrorerr1 pl_ratrorerr2 pl_ratdor pl_ratdorerr1 pl_ratdorerr2 tran_flag rv_flag
[from data line 44]
"""GJ 357""" """GJ 357 b""" 9.44181 0.00511 -0.00511 """09h36m01.79s""" """-21d39m54.23s""" 10.91 7.337 6.475 0.34 0.01 -0.01 0.34 0.02 -0.02 3505.0 51.0 -51.0 51.0 -51.0 4.94 -1.798 2459272.6757 0.0004 -0.0004 1.2 0.06 -0.06 1.84 0.31 -0.31 3.9306 2e-06 -2e-06 0.036 0.0004 -0.0004 89.228 0.307 0.0 0.0 0.0 518.0 0.0309 0.001 -0.001 22.89 1.211 -1.211 1 1
"""GJ 357""" """GJ 357 c""" 9.44181 0.00511 -0.00511 """09h36m01.79s""" """-21d39m54.23s""" 10.91 7.337 6.475 0.34 0.01 -0.01 0.34 0.02 -0.02 3505.0 51.0 -51.0 51.0 -51.0 4.94 -1.798 0.0 0.0 0.0 1.66 0.0 0.0 3.4 0.46 -0.46 9.1247 0.0011 -0.001 0.061 0.004 -0.004 0.0 0.0 0.0 0.0 0.0 401.2 0.0 0.0 0.0 0.0 0.0 0.0 0 1
"""GJ 357""" """GJ 357 d""" 9.44181 0.00511 -0.00511 """09h36m01.79s""" """-21d39m54.23s""" 10.91 7.337 6.475 0.34 0.01 -0.01 0.34 0.02 -0.02 3505.0 51.0 -51.0 51.0 -51.0 4.94 -1.798 0.0 0.0 0.0 2.34 0.0 0.0 6.1 1.0 -1.0 55.661 0.055 -0.055 0.204 0.015 -0.015 0.0 0.0 0.0 0.0 0.0 219.6 0.0 0.0 0.0 0.0 0.0 0.0 0 1
"""TOI-771""" """TOI-771 b""" 25.2788 0.0257 -0.0257 """10h56m27.33s""" """-72d59m06.62s""" 14.888 10.507 9.664 0.22 0.02 -0.02 0.24 0.01 -0.01 3201.0 100.0 -95.0 100.0 -95.0 5.01 -2.26 2458572.4178 0.0003 -0.0003 1.422 0.108 -0.086 2.61 0.0 0.0 2.326021 1e-06 -1e-06 0.0207 0.0008 -0.0008 88.13 0.51 0.0 0.0 0.0 527.19 0.054 0.003 -0.002 15.69 2.18 -3.51 1 0
"""TOI-1468""" """TOI-1468 b""" 24.7399 0.0469 -0.0467 """01h06m36.93s""" """+19d13m29.71s""" 12.5 9.343 8.497 0.34 0.01 -0.01 0.34 0.01 -0.01 3496.0 25.0 -25.0 25.0 -25.0 5.0 -1.797 2458765.68079 0.0007 -0.00069 1.28 0.038 -0.039 3.21 0.24 -0.24 1.8805136 2.4e-06 -2.6e-06 0.0 0.0 0.0 88.47 0.35 0.0 0.0 0.0 682.2 0.0 0.0 0.0 13.14 0.21 -0.24 1 1
"""TOI-1468""" """TOI-1468 c""" 24.7399 0.0469 -0.0467 """01h06m36.93s""" """+19d13m29.71s""" 12.5 9.343 8.497 0.34 0.01 -0.01 0.34 0.01 -0.01 3496.0 25.0 -25.0 25.0 -25.0 5.0 -1.797 2458766.9269 0.0012 -0.0012 2.064 0.044 -0.044 6.64 0.67 -0.68 15.532482 3.4e-05 -3.3e-05 0.0 0.0 0.0 89.335 0.623 0.0 0.0 0.0 337.5 0.0 0.0 0.0 53.69 0.84 -0.97 1 1
"""LHS 1478""" """LHS 1478 b""" 18.2276 0.011 -0.011 """02h57m21.33s""" """+76d33m05.06s""" 13.304 9.615 8.767 0.24 0.01 -0.01 0.25 0.01 -0.01 3381.0 54.0 -54.0 54.0 -54.0 4.87 -2.146 2458786.75425 0.00042 -0.00042 1.242 0.051 -0.049 2.33 0.2 -0.2 1.9495378 4e-06 -4.1e-06 0.01848 0.00061 -0.00063 87.452 0.717 0.0 0.0 0.0 595.0 0.0462 0.0011 -0.001 16.119 0.088 -0.094 1 1
"""TOI-1634""" """TOI-1634 b""" 35.2736 0.0527 -0.0526 """03h45m33.75s""" """+37d06m44.21s""" 13.217 9.484 8.6 0.45 0.02 -0.02 0.45 0.02 -0.02 3472.0 70.0 -70.0 70.0 -70.0 4.79 -1.578 2458791.5146 0.0021 -0.0021 1.773 0.077 -0.077 7.57 0.71 -0.72 0.9893455 6e-06 -6e-06 0.01545 0.00014 -0.00014 86.98 0.375 0.0 0.0 0.0 924.0 0.0356 0.001 -0.001 7.38 0.2 -0.2 1 1
"""TOI-1634""" """TOI-1634 c""" 35.2736 0.0527 -0.0526 """03h45m33.75s""" """+37d06m44.21s""" 13.217 9.484 8.6 0.45 0.02 -0.02 0.45 0.02 -0.02 3472.0 70.0 -70.0 70.0 -70.0 4.79 -1.578 2458905.0 5.8 -4.5 0.0 0.0 0.0 0.0 0.0 0.0 103.0 5.8 -4.5 0.0 0.0 0.0 0.0 0.0 0.0 0.0 0.0 0.0 0.0 0.0 0.0 0.0 0.0 0.0 0 1
"""Kepler-446""" """Kepler-446 b""" 96.339 0.5141 -0.5087 """18h49m00.03s""" """+44d55m15.61s""" 17.5041 13.591 12.827 0.22 0.05 -0.05 0.24 0.04 -0.04 3359.0 60.0 -60.0 60.0 -60.0 5.03 -2.248 2454965.9135 0.0019 -0.0019 1.5 0.25 -0.25 2.86 0.0 0.0 1.565409 3.3e-06 -3.3e-06 0.0182 0.0 0.0 87.42 0.601 0.0 0.0 0.0 648.0 0.0574 0.0026 -0.0026 14.2 0.94 -0.94 1 1
"""Kepler-446""" """Kepler-446 c""" 96.339 0.5141 -0.5087 """18h49m00.03s""" """+44d55m15.61s""" 17.5041 13.591 12.827 0.22 0.05 -0.05 0.24 0.04 -0.04 3359.0 60.0 -60.0 60.0 -60.0 5.03 -2.248 2454967.069573 0.000945 -0.000945 1.11 0.18 -0.18 1.41 0.0 0.0 3.036179 5.5e-06 -5.5e-06 0.0283 0.0 0.0 88.97 0.025 0.0 0.0 0.0 520.0 0.0424 0.0018 -0.0018 22.4 1.36 -1.36 1 1
"""Kepler-446""" """Kepler-446 d""" 96.339 0.5141 -0.5087 """18h49m00.03s""" """+44d55m15.61s""" 17.5041 13.591 12.827 0.22 0.05 -0.05 0.24 0.04 -0.04 3359.0 60.0 -60.0 60.0 -60.0 5.03 -2.248 2454966.3196 0.0042 -0.0042 1.35 0.22 -0.22 2.39 0.0 0.0 5.148921 2.2e-05 -2.2e-05 0.0403 0.0 0.0 88.72 0.705 0.0 0.0 0.0 436.0 0.0519 0.0022 -0.0022 31.6 2.08 -2.08 1 1
"""L 98-59""" """L 98-59 b""" 10.6194 0.0032 -0.0032 """08h18m07.89s""" """-68d18m52.08s""" 11.685 7.933 7.101 0.27 0.03 -0.03 0.3 0.03 -0.02 3415.0 135.0 -135.0 135.0 -135.0 4.86 -1.948 2458366.17067 0.00036 -0.00033 0.85 0.061 -0.047 0.4 0.16 -0.15 2.2531136 1.2e-06 -1.5e-06 0.02191 0.0008 -0.00084 87.71 0.53 0.103 0.117 -0.045 627.0 0.02512 0.00072 -0.00064 0.0 0.0 0.0 1 1
"""L 98-59""" """L 98-59 c""" 10.6194 0.0032 -0.0032 """08h18m07.89s""" """-68d18m52.08s""" 11.685 7.933 7.101 0.27 0.03 -0.03 0.3 0.03 -0.02 3415.0 135.0 -135.0 135.0 -135.0 4.86 -1.948 2458367.27375 0.00013 -0.00022 1.385 0.095 -0.075 2.22 0.26 -0.25 3.6906777 1.6e-06 -2.6e-06 0.0304 0.0011 -0.0012 88.11 0.601 0.103 0.045 -0.058 553.0 0.04088 0.00068 -0.00056 0.0 0.0 0.0 1 1
"""L 98-59""" """L 98-59 d""" 10.6194 0.0032 -0.0032 """08h18m07.89s""" """-68d18m52.08s""" 11.685 7.933 7.101 0.27 0.03 -0.03 0.3 0.03 -0.02 3415.0 135.0 -135.0 135.0 -135.0 4.86 -1.948 2458362.73974 0.00031 -0.0004 1.521 0.119 -0.098 1.94 0.28 -0.28 7.4507245 8.1e-06 -4.6e-06 0.0486 0.0018 -0.0019 88.449 0.922 0.074 0.057 -0.046 416.0 0.0448 0.00106 -0.001 0.0 0.0 0.0 1 1
"""L 98-59""" """L 98-59 e""" 10.6194 0.0032 -0.0032 """08h18m07.89s""" """-68d18m52.08s""" 11.685 7.933 7.101 0.27 0.03 -0.03 0.3 0.03 -0.02 3415.0 135.0 -135.0 135.0 -135.0 4.86 -1.948 0.0 0.0 0.0 1.56 0.0 0.0 3.06 0.33 -0.37 12.796 0.02 -0.019 0.0717 0.006 -0.0048 0.0 0.0 0.128 0.108 -0.076 342.0 0.0 0.0 0.0 0.0 0.0 0.0 0 1
"""LP 791-18""" """LP 791-18 b""" 26.4927 0.064 -0.0638 """11h02m45.72s""" """-16d24m23.20s""" 16.91 11.559 10.644 0.14 0.01 -0.01 0.18 0.01 -0.01 2960.0 55.0 -55.0 55.0 -55.0 5.12 -2.638 2458774.86973 0.00018 -0.00018 1.212 0.059 -0.058 1.94 0.0 0.0 0.9479981 2.1e-06 -2.1e-06 0.00978 0.00012 -0.00012 88.37 0.33 0.0 0.0 0.0 564.3 0.061 0.0018 -0.0018 11.0 2.0 -4.0 1 0
"""LP 791-18""" """LP 791-18 c""" 26.4927 0.064 -0.0638 """11h02m45.72s""" """-16d24m23.20s""" 16.91 11.559 10.644 0.14 0.01 -0.01 0.18 0.01 -0.01 2960.0 55.0 -55.0 55.0 -55.0 5.12 -2.638 2458771.055182 9.1e-05 -9.7e-05 2.438 0.096 -0.096 7.1 0.7 -0.7 4.9899093 7.4e-06 -7.2e-06 0.02961 0.00035 -0.00036 89.78 0.134 8e-05 4e-05 -4e-05 324.4 0.12261 0.00097 -0.00097 34.5 2.0 -3.7 1 0
"""LP 791-18""" """LP 791-18 d""" 26.4927 0.064 -0.0638 """11h02m45.72s""" """-16d24m23.20s""" 16.91 11.559 10.644 0.14 0.01 -0.01 0.18 0.01 -0.01 2960.0 55.0 -55.0 55.0 -55.0 5.12 -2.638 2458772.16211 0.0005 -0.00082 1.032 0.044 -0.043 0.9 0.5 -0.4 2.753436 1.3e-05 -1.3e-05 0.01992 0.00024 -0.00024 89.34 0.27 0.0015 0.00014 -0.00014 395.5 0.05192 0.0009 -0.0009 0.0 0.0 0.0 1 0
"""GJ 3929""" """GJ 3929 b""" 15.8095 0.0096 -0.0095 """15h58m18.62s""" """+35d24m29.21s""" 12.675 8.694 7.869 0.31 0.03 -0.02 0.32 0.01 -0.01 3384.0 88.0 -88.0 88.0 -88.0 4.89 -1.963 2458956.3962 0.0005 -0.0005 1.09 0.04 -0.04 1.75 0.44 -0.45 2.616235 5e-06 -5e-06 0.0252 0.0005 -0.0005 88.442 0.11 0.0 0.0 0.0 568.0 0.0156 0.0003 -0.0003 16.8 0.5 -0.5 1 1
"""GJ 3929""" """GJ 3929 c""" 15.8095 0.0096 -0.0095 """15h58m18.62s""" """+35d24m29.21s""" 12.675 8.694 7.869 0.31 0.03 -0.02 0.32 0.01 -0.01 3384.0 88.0 -88.0 88.0 -88.0 4.89 -1.963 2459070.9 0.4 -0.4 2.26 0.0 0.0 5.71 0.94 -0.94 15.04 0.03 -0.03 0.081 0.002 -0.002 0.0 0.0 0.0 0.0 0.0 317.0 0.0 0.0 0.0 0.0 0.0 0.0 0 1
"""GJ 486""" """GJ 486 b""" 8.07426 0.004095 -0.004095 """12h47m55.57s""" """+09d44m57.91s""" 11.39 7.195 6.362 0.33 0.02 -0.02 0.34 0.02 -0.02 3291.0 75.0 -75.0 75.0 -75.0 4.82 -1.916 2459309.676506 0.000102 -9.9e-05 1.343 0.063 -0.062 3.0 0.13 -0.13 1.4671205 1.2e-06 -1.1e-06 0.01713 0.00091 -0.00098 88.9 0.21 0.0 0.0 0.0 706.0 0.03635 0.00046 -0.00039 10.96 0.21 -0.44 1 1
"""GJ 1132""" """GJ 1132 b""" 12.613 0.007 -0.007 """10h14m50.18s""" """-47d09m17.77s""" 13.68 9.245 8.322 0.19 0.0 -0.0 0.22 0.01 -0.01 3229.0 78.0 -62.0 78.0 -62.0 5.04 -2.321 2459280.98988 0.00013 -0.00013 1.192 0.038 -0.045 1.83705 0.1907 -0.18752 1.62892911 2.9e-07 -3e-07 0.0157 0.00013 -0.00013 88.16 0.504 0.0118 0.047 -0.0099 583.8 0.04943 0.00015 -0.00015 15.26 0.59 -0.45 1 1
"""GJ 1132""" """GJ 1132 c""" 12.613 0.007 -0.007 """10h14m50.18s""" """-47d09m17.77s""" 13.68 9.245 8.322 0.18 0.02 -0.02 0.21 0.01 -0.01 3270.0 140.0 -140.0 140.0 -140.0 5.02 -2.359 0.0 0.0 0.0 1.43 0.0 0.0 2.64 0.44 -0.44 8.929 0.01 -0.01 0.0476 0.0017 -0.0017 0.0 0.0 0.27 0.0 0.0 300.0 0.0 0.0 0.0 0.0 0.0 0.0 0 1
"""LHS 1815""" """LHS 1815 b""" 29.8424 0.0239 -0.0239 """06h04m21.60s""" """-55d18m41.54s""" 12.167 8.801 7.993 0.5 0.02 -0.02 0.5 0.03 -0.03 3643.0 142.0 -142.0 142.0 -142.0 4.77 -1.387 2458327.4161 0.0044 -0.0044 1.088 0.064 -0.064 1.58 0.64 -0.6 3.814334 8.4e-05 -8.4e-05 0.0404 0.0094 -0.0094 88.125 0.51 0.0 0.0 0.0 617.0 0.0199 0.0009 -0.0009 17.403 2.816 -2.816 1 1
"""TOI-270""" """TOI-270 b""" 22.4793 0.01355 -0.01355 """04h33m39.86s""" """-51d57m26.62s""" 12.603 9.099 8.251 0.39 0.01 -0.01 0.38 0.01 -0.01 3506.0 70.0 -70.0 70.0 -70.0 4.87 -1.712 2458387.09505 0.00074 -0.00074 1.206 0.039 -0.039 1.58 0.26 -0.26 3.3601538 4.8e-06 -4.8e-06 0.03197 0.00022 -0.00022 89.39 0.19 0.034 0.025 -0.025 581.0 0.0292 0.00069 -0.00069 17.48 1.49 -3.24 1 1
"""TOI-270""" """TOI-270 c""" 22.4793 0.01355 -0.01355 """04h33m39.86s""" """-51d57m26.62s""" 12.603 9.099 8.251 0.39 0.01 -0.01 0.38 0.01 -0.01 3506.0 70.0 -70.0 70.0 -70.0 4.87 -1.712 2458389.50285 0.00029 -0.00029 2.355 0.064 -0.064 6.15 0.37 -0.37 5.6605731 3.1e-06 -3.1e-06 0.04526 0.00031 -0.00031 89.36 0.28 0.027 0.021 -0.021 488.0 0.05701 0.00071 -0.00071 27.01 0.6 -1.58 1 1
"""TOI-270""" """TOI-270 d""" 22.4793 0.01355 -0.01355 """04h33m39.86s""" """-51d57m26.62s""" 12.603 9.099 8.251 0.39 0.01 -0.01 0.38 0.01 -0.01 3506.0 70.0 -70.0 70.0 -70.0 4.87 -1.712 2458389.68186 0.00059 -0.00059 2.133 0.058 -0.058 4.78 0.43 -0.43 11.379573 1.3e-05 -1.3e-05 0.0721 0.0005 -0.0005 89.73 0.19 0.032 0.023 -0.023 387.0 0.05163 0.00069 -0.00069 41.8 0.61 -0.59 1 1
"""LHS 1678""" """LHS 1678 b""" 19.8782 0.0094 -0.0094 """04h32m42.96s""" """-39d47m27.15s""" 12.6 9.020001 8.264 0.35 0.01 -0.01 0.33 0.01 -0.01 3490.0 50.0 -50.0 50.0 -50.0 4.89 -1.839 2458998.15553 0.0007 -0.00071 0.685 0.037 -0.035 0.35 0.0 0.0 0.8602325 1.3e-06 -1.1e-06 0.01239 0.00056 -0.00057 88.53 0.21 0.033 0.035 -0.023 830.44058138 0.01905 0.00087 -0.0008 8.08 0.29 -0.28 1 0
"""LHS 1678""" """LHS 1678 c""" 19.8782 0.0094 -0.0094 """04h32m42.96s""" """-39d47m27.15s""" 12.6 9.020001 8.264 0.35 0.01 -0.01 0.33 0.01 -0.01 3490.0 50.0 -50.0 50.0 -50.0 4.89 -1.839 2458998.45607 0.00064 -0.00057 0.941 0.051 -0.05 1.4 0.0 0.0 3.694284 4.8e-06 -4.4e-06 0.0327 0.0015 -0.0015 88.82 0.44 0.039 0.04 -0.025 510.904079282 0.0262 0.0011 -0.0012 21.36 0.78 -0.75 1 0
"""LHS 1678""" """LHS 1678 d""" 19.8782 0.0094 -0.0094 """04h32m42.96s""" """-39d47m27.15s""" 12.6 9.020001 8.264 0.35 0.01 -0.01 0.33 0.01 -0.01 3490.0 50.0 -50.0 50.0 -50.0 4.89 -1.839 2459000.45806 0.0009 -0.00087 0.981 0.07 -0.072 0.907 0.0 0.0 4.9652229 9.6e-06 -7.5e-06 0.04 0.0018 -0.0017 88.31 0.76 0.036 0.06 -0.027 462.952133709 0.0273 0.0017 -0.0018 26.01 0.94 -0.91 1 0
"""TOI-1693""" """TOI-1693 b""" 30.7947 0.0391 -0.0391 """06h01m14.00s""" """+34d46m23.13s""" 12.962 9.192 8.331 0.49 0.03 -0.03 0.46 0.01 -0.01 3499.0 70.0 -70.0 70.0 -70.0 4.8 -1.554 2458817.6827 0.0014 -0.0014 1.41 0.1 -0.1 2.57 0.0 0.0 1.7666957 5.4e-06 -5.4e-06 0.0226 0.0004 -0.0004 0.0 0.3 0.0 0.0 0.0 764.0 0.0 0.0 0.0 0.0 0.0 0.0 1 0
"""TOI-6086""" """TOI-6086 b""" 31.4566 0.0406 -0.0404 """17h41m28.90s""" """+30d18m13.59s""" 14.981 10.816 9.989 0.25 0.01 -0.01 0.26 0.01 -0.01 3200.0 75.0 -75.0 75.0 -75.0 5.01 -2.198 2460131.969501 0.000567 -0.000567 1.18 0.07 -0.07 1.76 0.0 0.0 1.3888725 8.27e-05 -8.27e-05 0.01541 0.00024 -0.00024 87.3 0.608 0.0 0.0 0.0 634.0 0.04173 0.0022 -0.0022 0.0 0.0 0.0 1 0
"""LHS 3844""" """LHS 3844 b""" 14.8846 0.0113 -0.0113 """22h41m59.09s""" """-69d10m19.59s""" 15.24 10.046 9.145001 0.15 0.01 -0.01 0.19 0.01 -0.01 3036.0 77.0 -77.0 77.0 -77.0 5.06 -2.565 2458325.72558 0.00025 -0.00025 1.303 0.022 -0.022 2.25 0.0 0.0 0.46292913 1.9e-06 -1.9e-06 0.00622 0.00017 -0.00017 88.5 0.186 0.0 0.0 0.0 805.0 0.0635 0.0009 -0.0009 7.109 0.029 -0.029 1 0
"""SPECULOOS-3""" """SPECULOOS-3 b""" 0.0 0.0 0.0 """20h49m27.18s""" """+33d36m44.58s""" 17.8 11.501 10.541 0.1 0.0 -0.0 0.12 0.0 -0.0 2800.0 29.0 -29.0 29.0 -29.0 5.27 -3.078 2459790.58344 0.00032 -0.00032 0.977 0.022 -0.022 0.894 0.0 0.0 0.71912603 5.7e-07 -5.7e-07 0.00733 5.5e-05 -5.5e-05 89.44 0.124 0.0 0.0 0.0 553.0 0.07273 0.0008 -0.0008 0.0 0.0 0.0 1 0
"""GJ 3473""" """GJ 3473 b""" 27.3644 0.0376 -0.0376 """08h02m22.47s""" """+03d20m13.79s""" 13.74 9.627 8.829001 0.36 0.02 -0.02 0.36 0.01 -0.01 3347.0 54.0 -54.0 54.0 -54.0 4.81 -1.824 2458492.20408 0.00043 -0.00042 1.264 0.05 -0.049 1.86 0.3 -0.3 1.1980035 1.8e-06 -1.9e-06 0.01589 0.00062 -0.00062 87.95 0.336 0.0 0.0 0.0 773.0 0.03184 0.00069 -0.00067 9.39 0.19 -0.21 1 1
"""GJ 3473""" """GJ 3473 c""" 27.3644 0.0376 -0.0376 """08h02m22.47s""" """+03d20m13.79s""" 13.74 9.627 8.829001 0.36 0.02 -0.02 0.36 0.01 -0.01 3347.0 54.0 -54.0 54.0 -54.0 4.81 -1.824 0.0 0.0 0.0 2.63 0.0 0.0 7.41 0.91 -0.86 15.509 0.033 -0.033 0.0876 0.0035 -0.0034 0.0 0.0 0.0 0.0 0.0 329.1 0.0 0.0 0.0 0.0 0.0 0.0 0 1
"""LHS 475""" """LHS 475 b""" 12.4814 0.0065 -0.0065 """19h20m57.11s""" """-82d33m35.24s""" 13.0 8.555 7.686 0.26 0.0 0.0 0.28 0.0 -0.0 3300.0 80.0 -30.0 80.0 -30.0 5.0 -2.064 2459822.376259 2.6e-05 -2.6e-05 0.991 0.05 -0.05 0.941 0.0 0.0 2.029088 6e-06 -6e-06 0.02037 0.00037 -0.00037 87.194 0.701 0.0 0.0 0.0 586.0 0.03257 0.00014 -0.00014 15.87235 0.488 -0.456 1 0
"""LTT 3780""" """LTT 3780 b""" 21.9814 0.0403 -0.0402 """10h18m34.78s""" """-11d43m04.08s""" 13.14 9.007 8.204001 0.38 0.02 -0.03 0.38 0.01 -0.01 3358.0 92.0 -92.0 92.0 -92.0 4.85 -1.783 2459606.58098 0.00032 -0.0004 1.325 0.057 -0.058 2.46 0.19 -0.19 0.76837931 3.9e-07 -4.2e-07 0.01195 0.00028 -0.00029 86.1 0.462 0.0 0.0 0.0 903.0 0.03212 0.00068 -0.00072 6.79 0.29 -0.25 1 1
"""LTT 3780""" """LTT 3780 c""" 21.9814 0.0403 -0.0402 """10h18m34.78s""" """-11d43m04.08s""" 13.14 9.007 8.204001 0.38 0.02 -0.03 0.38 0.01 -0.01 3358.0 92.0 -92.0 92.0 -92.0 4.85 -1.783 2459600.54227 0.00066 -0.00065 2.39 0.1 -0.11 8.04 0.5 -0.48 12.252284 1.3e-05 -1.3e-05 0.0757 0.0018 -0.0018 88.958 0.794 0.024 0.032 -0.017 359.0 0.0579 0.0012 -0.0011 43.0 1.8 -1.6 1 1
"""TOI-5720""" """TOI-5720 b""" 35.8256 0.1273 -0.1264 """11h21m15.26s""" """+25d16m23.86s""" 13.847 10.123 9.288 0.38 0.02 -0.02 0.38 0.02 -0.02 3325.0 75.0 -75.0 75.0 -75.0 5.01 -1.792 2460076.902501 0.00067 -0.00067 1.09 0.07 -0.07 4.3 0.0 0.0 1.4344555 3.6e-06 -3.6e-06 0.018288 0.000279 -0.000279 89.3 0.14 0.0 0.0 0.0 708.0 0.02796 0.00158 -0.00158 0.0 0.0 0.0 1 0
"""TOI-1450 A""" """TOI-1450 A b""" 22.4467 0.0132 -0.0131 """19h07m24.98s""" """+59d05m11.85s""" 12.28 8.457 7.565 0.48 0.02 -0.02 0.48 0.03 -0.03 3437.0 86.0 -86.0 86.0 -86.0 4.76 -1.565 2458685.34221 0.00042 -0.00042 1.13 0.043 -0.043 1.258 0.128 -0.128 2.0439274 1e-06 -1e-06 0.0 0.0 0.0 86.245 0.737 0.0 0.0 0.0 722.0 0.0 0.0 0.0 0.0 0.0 0.0 1 1
"""TOI-1450 A""" """TOI-1450 A c""" 22.4467 0.0132 -0.0131 """19h07m24.98s""" """+59d05m11.85s""" 12.28 8.457 7.565 0.48 0.02 -0.02 0.48 0.03 -0.03 3437.0 86.0 -86.0 86.0 -86.0 4.76 -1.565 2459321.76 0.16 -0.16 1.13 0.0 0.0 1.527 0.181 -0.181 5.0688 0.0019 -0.0019 0.0 0.0 0.0 0.0 0.0 0.0 0.0 0.0 533.0 0.0 0.0 0.0 0.0 0.0 0.0 0 1
