outputs/DDTargets_modified_4sigma.ecsv
# %ECSV 1.0
# ---
# datatype:
# - {name: hostname, datatype: string, subtype: json}
# - {name: pl_name, datatype: string, subtype: json}
# - {name: sy_dist, unit: pc, datatype: float64}
# - {name: sy_disterr1, datatype: float64}
# - {name: sy_disterr2, datatype: float64}
# - {name: rastr, unit: sexagesimal, datatype: string, subtype: json}
# - {name: decstr, unit: sexagesimal, datatype: string, subtype: json}
# - {name: sy_vmag, datatype: float64}
# - {name: sy_jmag, datatype: float64}
# - {name: sy_kmag, datatype: float64}
# - {name: st_mass, unit: Solar mass, datatype: float64}
# - {name: st_masserr1, unit: Solar mass, datatype: float64}
# - {name: st_masserr2, unit: Solar mass, datatype: float64}
# - {name: st_rad, unit: Solar Radius, datatype: float64}
# - {name: st_raderr1, unit: Solar Radius, datatype: float64}
# - {name: st_raderr2, unit: Solar Radius, datatype: float64}
# - {name: st_teff, unit: K, datatype: float64}
# - {name: st_tefferr1, unit: K, datatype: float64}
# - {name: st_tefferr2, unit: K, datatype: float64}
# - {name: st_tefferr12, unit: K, datatype: float64}
# - {name: st_tefferr22, unit: K, datatype: float64}
# - {name: st_logg, unit: log10(cm/s**2), datatype: float64}
# - {name: st_lum, unit: log(Solar), datatype: float64}
# - {name: pl_tranmid, unit: days, datatype: float64}
# - {name: pl_tranmiderr1, unit: days, datatype: float64}
# - {name: pl_tranmiderr2, unit: days, datatype: float64}
# - {name: pl_rade, unit: Earth Radius, datatype: float64}
# - {name: pl_radeerr1, unit: Earth Radius, datatype: float64}
# - {name: pl_radeerr2, unit: Earth Radius, datatype: float64}
# - {name: pl_bmasse, unit: Earth Mass, datatype: float64}
# - {name: pl_bmasseerr1, datatype: float64}
# - {name: pl_bmasseerr2, datatype: float64}
# - {name: pl_orbper, unit: days, datatype: float64}
# - {name: pl_orbpererr1, unit: days, datatype: float64}
# - {name: pl_orbpererr2, unit: days, datatype: float64}
# - {name: pl_orbsmax, datatype: float64}
# - {name: pl_orbsmaxerr1, unit: AU, datatype: float64}
# - {name: pl_orbsmaxerr2, unit: AU, datatype: float64}
# - {name: pl_orbincl, unit: deg, datatype: float64}
# - {name: pl_imppar, datatype: float64}
# - {name: pl_orbeccen, datatype: float64}
# - {name: pl_orbeccenerr1, datatype: float64}
# - {name: pl_orbeccenerr2, datatype: float64}
# - {name: pl_eqt, unit: K, datatype: float64}
# - {name: pl_ratror, datatype: float64}
# - {name: pl_ratrorerr1, datatype: float64}
# - {name: pl_ratrorerr2, datatype: float64}
# - {name: pl_ratdor, datatype: float64}
# - {name: pl_ratdorerr1, datatype: float64}
# - {name: pl_ratdorerr2, datatype: float64}
# - {name: tran_flag, datatype: int32}
# - {name: rv_flag, datatype: int32}
# - {name: subarray, datatype: string, subtype: json}
# - {name: ecl_depth, unit: ppm, datatype: float64}
# - {name: ecl_depth_err, unit: ppm, datatype: float64}
# - {name: nobs, datatype: int64}
# - {name: sigma, datatype: float64}
# - {name: obshrs, unit: h, datatype: float64}
# schema: astropy-2.0
hostname pl_name sy_dist sy_disterr1 sy_disterr2 rastr decstr sy_vmag sy_jmag sy_kmag st_mass st_masserr1 st_masserr2 st_rad st_raderr1 st_raderr2 st_teff st_tefferr1 st_tefferr2 st_tefferr12 st_tefferr22 st_logg st_lum pl_tranmid pl_tranmiderr1 pl_tranmiderr2 pl_rade pl_radeerr1 pl_radeerr2 pl_bmasse pl_bmasseerr1 pl_bmasseerr2 pl_orbper pl_orbpererr1 pl_orbpererr2 pl_orbsmax pl_orbsmaxerr1 pl_orbsmaxerr2 pl_orbincl pl_imppar pl_orbeccen pl_orbeccenerr1 pl_orbeccenerr2 pl_eqt pl_ratror pl_ratrorerr1 pl_ratrorerr2 pl_ratdor pl_ratdorerr1 pl_ratdorerr2 tran_flag rv_flag subarray ecl_depth ecl_depth_err nobs sigma obshrs
"""LHS 1140""" """LHS 1140 b""" 14.9861 0.0153 -0.0152 """00h44m59.67s""" """-15d16m26.79s""" 14.15 9.612001 8.821 0.18 0.0 -0.0 0.22 0.0 -0.0 3096.0 48.0 -48.0 48.0 -48.0 5.04 -2.42 2458399.93 0.0003 -0.0003 1.73 0.025 -0.025 5.6 0.19 -0.19 24.73723 2e-05 -2e-05 0.0946 0.0017 -0.0017 89.86 0.23 0.043 0.0 0.0 226.0 0.07209294105348438 8e-05 -8e-05 95.34 1.06 -1.06 1 1 """sub256""" 80.47318452159624 48.21332834263932 10 4.146200871048211 56.486501495336746
"""TRAPPIST-1""" """TRAPPIST-1 g""" 12.4298888 0.0187066 -0.0187066 """23h06m30.33s""" """-05d02m36.46s""" 17.02 11.354 10.296 0.09 0.0 -0.0 0.12 0.0 -0.0 2566.0 26.0 -26.0 26.0 -26.0 5.24 -3.257 2457665.362844 2.1e-05 -2.1e-05 1.129 0.015 -0.013 1.321 0.038 -0.038 12.352446 5.4e-05 -5.4e-05 0.04683 0.0004 -0.0004 89.742 0.379 0.00208 0.00058 -0.00058 197.3 0.08625455057256479 0.00053 -0.00053 84.591 0.382 -0.628 1 0 """brightsky""" 101.71941242330807 142.78448568512775 46 4.000621670819872 173.40788762511625
"""LP 890-9""" """LP 890-9 c""" 32.4298 0.0702 -0.0699 """04h16m31.42s""" """-28d18m56.85s""" 18.0 12.258 11.344 0.12 0.0 -0.0 0.16 0.01 -0.01 2850.0 75.0 -75.0 75.0 -75.0 5.13 -2.841 2459520.70598 0.00031 -0.00031 1.367 0.055 -0.039 25.3 0.0 0.0 8.457463 2.4e-05 -2.4e-05 0.03984 0.00022 -0.00022 89.287 0.697 0.0 0.0 0.0 272.0 0.07832814701020553 0.0 0.0 55.94 0.82 -1.74 1 0 """full""" 188.67995364984768 328.8534117460626 92 4.000649576677694 313.0378786774552
"""TOI-1452""" """TOI-1452 b""" 30.5212 0.0392 -0.039 """19h20m41.75s""" """+73d11m42.39s""" 14.354 10.604 9.74 0.25 0.01 -0.01 0.28 0.01 -0.01 3185.0 50.0 -50.0 50.0 -50.0 4.95 -2.155 2458691.5321 0.0015 -0.0015 1.672 0.071 -0.071 4.82 1.3 -1.3 11.06201 2e-05 -2e-05 0.061 0.003 -0.003 89.77 0.19 0.0 0.0 0.0 326.0 0.0547453910757921 0.0 0.0 46.846291056797874 0.0 0.0 1 1 """brightsky""" 126.54697063277037 84.7421131975155 17 4.07802497094652 89.16064275436948
"""TOI-406""" """TOI-406.01""" 31.0597 0.0341 -0.034 """03h17m03.03s""" """-42d14m38.94s""" 13.773 9.695 8.848 0.48 0.0 0.0 0.39 0.0 0.0 3349.0 0.0 0.0 0.0 0.0 4.94 -1.78 2458388.56746 0.00114 -0.00114 1.96 0.446 -0.446 4.5 0.0 0.0 13.1757294 0.0 0.0 0.085518 0.0 0.0 89.67191042361239 0.0 0.0 0.0 0.0 344.166795 0.04607451635135981 0.0 0.0 47.15158945803562 0.0 0.0 1 0 """sub256""" 100.79256047894556 49.859959469049116 10 4.138618508678411 58.15210890209602
"""TRAPPIST-1""" """TRAPPIST-1 f""" 12.4298888 0.0187066 -0.0187066 """23h06m30.33s""" """-05d02m36.46s""" 17.02 11.354 10.296 0.09 0.0 -0.0 0.12 0.0 -0.0 2566.0 26.0 -26.0 26.0 -26.0 5.24 -3.257 2457671.37373 1.6e-05 -1.6e-05 1.045 0.013 -0.012 1.039 0.031 -0.031 9.20754 3.2e-05 -3.2e-05 0.03849 0.00033 -0.00033 89.74 0.312 0.01007 0.00068 -0.00068 217.7 0.07983702865219683 0.00047 -0.00047 69.543 0.314 -0.516 1 0 """brightsky""" 126.81908252028803 148.82694971137997 35 4.016319749010323 125.62104736331953
"""K2-415""" """K2-415 b""" 21.8182 0.0307 -0.0307 """09h08m48.37s""" """+11d51m44.10s""" 15.33 10.739 9.899 0.16 0.0 -0.0 0.2 0.01 -0.01 3173.0 53.0 -53.0 53.0 -53.0 5.07 -2.455 2458100.07116 0.00069 -0.00069 1.015 0.051 -0.005 7.5 0.0 0.0 4.0179694 2.7e-06 -2.7e-06 0.027 0.00023 -0.00023 89.32 0.37 0.0 0.0 0.0 412.4 0.046527033922667806 0.002 -0.0018 29.029341015523926 0.0 0.0 1 0 """brightsky""" 164.58192736394406 141.43893162083563 34 4.030215680144449 122.07158860315775
"""TOI-198""" """TOI-198 b""" 23.7262 0.02655 -0.02655 """00h09m05.16s""" """-27d07m18.28s""" 11.688 8.655 7.856 0.47 0.02 -0.02 0.44 0.02 -0.02 3650.0 75.0 -75.0 75.0 -75.0 4.75 -1.433 2459480.048 0.0004 -0.0004 1.44 0.08 -0.08 2.67 0.0 0.0 10.2152 6e-05 -6e-05 0.1 0.006 -0.006 89.89 0.094 0.0 0.0 0.0 368.0 0.030003998588733382 0.0022 -0.0022 49.086 3.003 -3.003 1 0 """sub256""" 44.510407364013204 37.89218412873669 30 4.04471427921512 142.84706014106212
"""TRAPPIST-1""" """TRAPPIST-1 h""" 12.4298888 0.0187066 -0.0187066 """23h06m30.33s""" """-05d02m36.46s""" 17.02 11.354 10.296 0.09 0.0 -0.0 0.12 0.0 -0.0 2566.0 26.0 -26.0 26.0 -26.0 5.24 -3.257 2457662.574149 9.1e-05 -9.1e-05 0.755 0.014 -0.014 0.326 0.02 -0.02 18.772866 0.000214 -0.000214 0.06189 0.00053 -0.00053 89.805 0.378 0.00567 0.00121 -0.00121 171.7 0.057681298212831196 0.00087 -0.00087 111.817 0.505 -0.83 1 0 """brightsky""" 25.049790106818048 135.2018899301245 99 1.8366103175214497 399.11507450895454
"""TOI-700""" """TOI-700 d""" 31.1265 0.0206 -0.0206 """06h28m22.97s""" """-65d34m43.01s""" 13.151 9.469 8.634 0.42 0.02 -0.02 0.42 0.02 -0.02 3459.0 65.0 -65.0 65.0 -65.0 4.81 -1.64 2458816.9952 0.0011 -0.0013 1.073 0.059 -0.054 1.25 0.0 0.0 37.42396 0.00039 -0.00035 0.1633 0.0027 -0.0027 89.8 0.29 0.042 0.045 -0.03 268.8 0.023421772178757943 0.00077 -0.0008 82.9 3.5 -3.3 1 0 """sub256""" 12.155953944544807 36.69559559472147 99 2.5213763152689777 818.840071700622
"""TOI-237""" """TOI-237 b""" 38.0749 0.2292 -0.2265 """23h32m58.45s""" """-29d24m59.35s""" 16.37 11.74 10.896 0.18 0.0 -0.0 0.21 0.01 -0.01 3212.0 100.0 -100.0 100.0 -100.0 5.04 -2.387 2458697.7198 0.000796 -0.000815 1.44 0.12 -0.12 2.67 0.0 0.0 5.436098 3.9e-05 -3.9e-05 0.0341 0.001 -0.001 89.5 0.3 0.0 0.0 0.0 388.0 0.06286552085258423 0.002 -0.002 34.7 2.9 -2.9 1 0 """full""" 243.55498331833414 244.7774485253635 43 4.016628958764985 169.38005444885303
"""TOI-1680""" """TOI-1680 b""" 37.2209 0.0617 -0.0614 """19h29m15.35s""" """+65d58m25.69s""" 15.87 11.637 10.821 0.18 0.0 -0.0 0.21 0.01 -0.0 3225.0 99.0 -100.0 99.0 -100.0 5.05 -2.363 2459013.84254 0.00037 -0.00039 1.466 0.063 -0.049 2.75 0.0 0.0 4.8026345 4e-06 -3.9e-06 0.03144 0.00025 -0.00026 89.58 0.23 0.0 0.0 0.0 404.0 0.06400059275686701 0.0015 -0.0015 32.04 0.74 -0.93 1 0 """full""" 280.4161086661101 218.52641325086458 27 4.021698443401268 104.68371257601609
"""TRAPPIST-1""" """TRAPPIST-1 e""" 12.4298888 0.0187066 -0.0187066 """23h06m30.33s""" """-05d02m36.46s""" 17.02 11.354 10.296 0.09 0.0 -0.0 0.12 0.0 -0.0 2566.0 26.0 -26.0 26.0 -26.0 5.24 -3.257 2457660.367662 1.4e-05 -1.4e-05 0.92 0.013 -0.012 0.692 0.022 -0.022 6.101013 3.5e-05 -3.5e-05 0.02925 0.0025 -0.0025 89.793 0.191 0.0051 0.00058 -0.00058 249.7 0.07028714484212543 0.00055 -0.00055 52.855 0.239 -0.392 1 0 """brightsky""" 157.80132419773616 157.83798507297303 29 4.046616668988531 97.36571912345988
"""LP 890-9""" """LP 890-9 b""" 32.4298 0.0702 -0.0699 """04h16m31.42s""" """-28d18m56.85s""" 18.0 12.258 11.344 0.12 0.0 -0.0 0.16 0.01 -0.01 2850.0 75.0 -75.0 75.0 -75.0 5.13 -2.841 2459447.82637 0.00014 -0.00014 1.32 0.053 -0.027 13.2 0.0 0.0 2.7299025 3.4e-06 -4e-06 0.01875 0.0001 -0.0001 89.67 0.15 0.0 0.0 0.0 396.0 0.0756350797757654 0.0 0.0 26.32 0.39 -0.82 1 0 """full""" 475.51547729724933 349.12501291808735 24 4.069538343493172 76.51335690232153
"""LTT 1445 A""" """LTT 1445 A b""" 6.86929 0.003805 -0.003805 """03h01m50.99s""" """-16d35m40.18s""" 10.59 7.294 6.496 0.26 0.01 -0.01 0.27 0.01 -0.01 3340.0 150.0 -150.0 150.0 -150.0 4.97 -2.046 2459152.2189 0.0005 -0.0005 1.18 0.06 -0.06 2.73 0.25 -0.23 5.35876 1e-05 -1e-05 0.022 0.003 -0.003 89.203 0.84 0.19 0.35 -0.14 555.0 0.04006706807425507 0.001 -0.001 29.963 3.128 -3.128 1 1 """sub64""" 128.895369099444 20.468092617556334 2 5.146381908933204 8.209147579840149
"""TRAPPIST-1""" """TRAPPIST-1 c""" 12.4298888 0.0187066 -0.0187066 """23h06m30.33s""" """-05d02m36.46s""" 17.02 11.354 10.296 0.09 0.0 -0.0 0.12 0.0 -0.0 2566.0 26.0 -26.0 26.0 -26.0 5.24 -3.257 2457282.811387 4e-06 -4e-06 1.097 0.014 -0.012 1.308 0.056 -0.056 2.421937 1.8e-05 -1.8e-05 0.0158 0.00013 -0.00013 89.778 0.109 0.00654 0.00188 -0.00188 339.7 0.08380978031718653 0.00038 -0.00038 28.549 0.129 -0.212 1 0 """brightsky""" 543.2637728868609 181.94671643241736 5 4.34327031357048 14.489065011827734
"""TOI-776""" """TOI-776 b""" 27.1701 0.03205 -0.03205 """11h54m18.72s""" """-37d33m12.08s""" 11.536 8.483 7.615 0.54 0.04 -0.04 0.55 0.02 -0.02 3725.0 60.0 -60.0 60.0 -60.0 4.8 -1.31 2459288.8713 0.001 -0.0011 1.798 0.078 -0.077 5.0 1.6 -1.6 8.24662 2.4e-05 -3.1e-05 0.0653 0.0014 -0.0016 89.41 0.26 0.052 0.037 -0.035 520.0 0.02997066081252368 0.0008 -0.0008 25.53018139143047 0.0 0.0 1 1 """sub128""" 90.24849036771113 27.04886610594217 5 4.01002220403253 32.08175885901875
"""Kepler-445""" """Kepler-445 b""" 127.201 0.995 -0.995 """19h54m56.72s""" """+46d29m56.84s""" 18.19 13.542 12.61 0.18 0.04 -0.04 0.21 0.03 -0.03 3157.0 60.0 -60.0 60.0 -60.0 4.93 -2.1 2454966.1194 0.0033 -0.0033 1.58 0.23 -0.23 3.12 0.0 0.0 2.984151 1.1e-05 -1.1e-05 0.0217 0.0 0.0 89.74 0.001 0.0 0.0 0.0 401.0 0.06897744649102994 0.0018 -0.0018 21.94 0.3 -0.3 1 1 """full""" 495.70434957892303 890.1996240055712 99 3.156963086034122 367.5596635329298
"""TOI-700""" """TOI-700 e""" 31.1265 0.0206 -0.0206 """06h28m22.97s""" """-65d34m43.01s""" 13.151 9.469 8.634 0.42 0.02 -0.02 0.42 0.02 -0.02 3459.0 65.0 -65.0 65.0 -65.0 4.81 -1.64 2458964.8112 0.0058 -0.0045 0.953 0.089 -0.075 0.818 0.0 0.0 27.80978 0.00046 -0.0004 0.134 0.0022 -0.0022 89.6 0.47 0.059 0.057 -0.042 272.897605776 0.020802375476566937 0.0017 -0.0014 68.6054972853652 0.0 0.0 1 0 """sub256""" 12.662206284456273 40.41035078822884 99 2.321599358908115 701.2615457687026
"""LHS 1140""" """LHS 1140 c""" 14.9861 0.0153 -0.0152 """00h44m59.67s""" """-15d16m26.79s""" 14.15 9.612001 8.821 0.18 0.0 -0.0 0.22 0.0 -0.0 3096.0 48.0 -48.0 48.0 -48.0 5.04 -2.42 2458389.2939 0.0002 -0.0002 1.272 0.026 -0.026 1.91 0.06 -0.06 3.77794 2e-06 -2e-06 0.027 0.0005 -0.0005 89.8 0.09 0.05 0.0 0.0 422.0 0.05300706417342898 0.00013 -0.00013 26.57 0.05 -0.05 1 1 """sub256""" 256.58275930130804 65.0451998352104 3 4.022921542701203 11.338042408842897
"""TOI-2266""" """TOI-2266 b""" 51.6004 0.1297 -0.1291 """16h21m07.21s""" """+31d34m37.35s""" 16.54 11.844 11.017 0.23 0.02 -0.02 0.24 0.01 -0.01 3200.0 170.0 -170.0 170.0 -170.0 4.97 -2.167 2459255.69482 0.00027 -0.00027 1.54 0.09 -0.09 2.99 0.0 0.0 2.326318 4.8e-06 -4.8e-06 0.02 0.002 -0.002 88.51 0.64 0.0 0.0 0.0 550.0 0.05882728427003976 0.001 -0.001 18.43 0.7 -1.5 1 0 """full""" 407.699405428844 286.6013700894946 28 4.025404482060755 93.02473329197247
"""TOI-260""" """TOI-260 b""" 20.1852 0.0232 -0.0231 """00h19m05.52s""" """-09d57m58.14s""" 9.9 7.376 6.549 0.62 0.03 -0.03 0.61 0.01 -0.01 4026.0 14.0 -14.0 14.0 -14.0 4.45 0.087 2458392.2942 0.0015 -0.0017 1.71 0.08 -0.08 4.23 1.6 -1.6 13.475853 1.3e-05 -1.1e-05 0.0943 0.0016 -0.0016 88.84 0.679 0.0 0.0 0.0 493.0 0.025700146332152774 0.0011 -0.0001 33.241856196283024 0.0 0.0 1 1 """sub128""" 53.74575791119023 18.132516771227152 7 4.299379489214761 44.07129511697872
"""TOI-1467""" """TOI-1467 b""" 37.4418 0.05465 -0.05465 """01h16m27.51s""" """+49d13m59.30s""" 12.293 9.38 8.568 0.45 0.01 -0.01 0.46 0.01 -0.01 3776.0 23.0 -21.0 23.0 -21.0 4.77 -1.42 2458766.985 0.003 -0.003 1.676 0.088 -0.084 9.0 0.0 0.0 5.97199 0.00083 -0.00083 0.0495 0.0009 -0.0009 88.98 0.441 0.0 0.0 0.0 506.067286928 0.03340300229359231 0.00165 -0.0016 26.89 2.36 -4.46 1 0 """sub256""" 105.4063113492925 56.02074327140877 16 4.063734742525777 73.74143825904096
"""TOI-244""" """TOI-244 b""" 22.0337 0.0334 -0.0333 """00h42m16.74s""" """-36d43m04.71s""" 12.861 8.827 7.97 0.43 0.03 -0.03 0.43 0.03 -0.03 3433.0 100.0 -100.0 100.0 -100.0 4.66 -1.643 2458357.3627 0.002 -0.002 1.52 0.12 -0.12 2.68 0.3 -0.3 7.397225 2.6e-05 -2.3e-05 0.0559 0.0013 -0.0013 88.32 0.61 0.0 0.0 0.0 458.0 0.03240741966431668 0.0017 -0.0018 28.1 1.8 -1.8 1 1 """sub256""" 89.64693431499278 43.408348392338596 12 4.067642556589719 48.048293469356
"""Gliese 12""" """Gliese 12 b""" 12.21 0.01305 -0.01305 """00h15m49.90s""" """+13d33m27.42s""" 12.6 8.619 7.807 0.24 0.01 -0.01 0.26 0.01 -0.01 3296.0 48.0 -36.0 48.0 -36.0 5.21 -2.138 2459497.1865 0.0026 -0.0026 0.958 0.046 -0.048 3.87 0.0 0.0 12.761408 5e-05 -5e-05 0.0668 0.0024 -0.0024 89.194 0.759 0.5 0.0 0.0 314.6 0.033780142855563286 0.0015 -0.0015 55.24672307227916 0.0 0.0 1 0 """sub128""" 42.292559315717206 39.02700454491915 30 4.023672506757654 117.18777963081351
"""TRAPPIST-1""" """TRAPPIST-1 b""" 12.4298888 0.0187066 -0.0187066 """23h06m30.33s""" """-05d02m36.46s""" 17.02 11.354 10.296 0.09 0.0 -0.0 0.12 0.0 -0.0 2566.0 26.0 -26.0 26.0 -26.0 5.24 -3.257 2457322.514193 3e-06 -3e-06 1.116 0.014 -0.012 1.374 0.069 -0.069 1.510826 6e-06 -6e-06 0.01154 0.0001 -0.0001 89.728 0.095 0.00622 0.00304 -0.00304 397.6 0.08526136265631737 0.00037 -0.00037 20.843 0.094 -0.155 1 0 """brightsky""" 820.3486616703658 196.57815660798016 3 4.368254428600981 8.092429540579236
"""TOI-5799""" """TOI-5799 b""" 27.8123 0.02505 -0.02505 """20h06m31.24s""" """+15d59m20.91s""" 13.29 9.742 8.952 0.34 0.03 -0.03 0.33 0.01 -0.01 3514.0 95.0 -94.0 95.0 -94.0 4.93 -1.83 2459772.3341 0.0013 -0.0013 1.625 0.192 -0.128 3.27 0.0 0.0 4.164753 0.00038 -0.000427 0.0352 0.0011 -0.0011 88.67 0.48 0.0 0.0 0.0 518.01 0.04514490528397384 0.005 -0.003 20.31 2.72 -5.43 1 0 """sub256""" 243.54511988803705 66.86468499047568 5 4.259488672251629 22.12160368517607
"""K2-239""" """K2-239 d""" 31.0849 0.0831 -0.0826 """10h42m22.59s""" """+04d26m28.95s""" 14.632 10.781 9.971 0.4 0.01 -0.01 0.36 0.01 -0.01 3420.0 18.0 -18.0 18.0 -18.0 4.9 -1.796 2457908.381 0.0 0.0 1.1 0.1 -0.1 1.37 0.0 0.0 10.115 0.001 -0.001 0.0685 0.0012 -0.0012 89.43 0.39 0.0 0.0 0.0 399.0 0.028012992509542745 0.0012 -0.0012 38.8 2.9 -3.3 1 0 """brightsky""" 48.30008123781409 115.50313073866546 99 2.660330215024255 524.2735518498744
"""TOI-5388""" """TOI-5388.01""" 18.5226 0.01665 -0.01665 """10h08m42.36s""" """+35d32m51.21s""" 12.728 9.167 8.319 0.29 0.0 0.0 0.31 0.0 0.0 3495.0 0.0 0.0 0.0 0.0 4.91 -1.88 2459630.895748 0.001503 -0.001503 1.894 0.559 -0.559 4.25 0.0 0.0 2.594675 0.0 0.0 0.024336 0.0 0.0 90.0 0.0 0.0 0.0 0.0 601.3533109 0.0560128410929813 0.0 0.0 16.880717872253054 0.0 0.0 1 0 """sub256""" 447.6618456098193 53.26758440747094 1 4.240760712664854 3.9816257676107236
"""TOI-2096""" """TOI-2096 b""" 48.4809 0.0982 -0.0978 """10h06m28.49s""" """+74d49m37.96s""" 15.92 11.877 11.021 0.23 0.01 -0.01 0.24 0.01 -0.01 3300.0 50.0 -50.0 50.0 -50.0 5.05 -2.228 2459146.45853 0.00037 -0.00041 1.243 0.077 -0.072 2.08 0.0 0.0 3.1190633 1e-05 -9.3e-06 0.025 0.001 -0.001 89.24 0.3 0.15 0.27 -0.12 445.0 0.04748202230367495 0.0018 -0.0017 22.399182882348715 0.0 0.0 1 0 """full""" 242.27707561871128 281.58171735854864 72 4.019494185284495 261.93378766079695
"""HD 260655""" """HD 260655 c""" 10.0055 0.00505 -0.00505 """06h37m09.97s""" """+17d33m58.57s""" 9.63 6.674 5.862 0.44 0.01 -0.01 0.44 0.0 -0.0 3803.0 10.0 -10.0 10.0 -10.0 5.2 -1.44 2459490.3646 0.0004 -0.0004 1.533 0.051 -0.046 3.09 0.48 -0.48 5.70588 7e-05 -7e-05 0.04749 0.00039 -0.00039 87.79 0.89 0.038 0.036 -0.022 557.0 0.031941756830922416 0.001 -0.001 23.37 0.47 -0.47 1 1 """sub64""" 110.35762040500519 19.94990783474925 2 4.085707991576718 6.753899785289063
"""TOI-4559""" """TOI-4559 b""" 31.6354 0.07385 -0.07385 """14h04m03.25s""" """-30d00m50.85s""" 13.115 9.455 8.619 0.39 0.03 -0.03 0.37 0.02 -0.02 3558.0 73.0 -83.0 73.0 -83.0 4.88 -1.693 2459335.3447 0.0009 -0.001 1.415 0.126 -0.112 2.59 0.0 0.0 3.965991 0.000314 -0.000332 0.0359 0.0008 -0.0008 88.64 0.47 0.0 0.0 0.0 554.16 0.03506097883135399 0.003 -0.002 19.71 2.61 -4.82 1 0 """sub256""" 153.2744134183729 58.453150469942095 9 4.077253861596243 39.06411485561073
"""TRAPPIST-1""" """TRAPPIST-1 d""" 12.4298888 0.0187066 -0.0187066 """23h06m30.33s""" """-05d02m36.46s""" 17.02 11.354 10.296 0.09 0.0 -0.0 0.12 0.0 -0.0 2566.0 26.0 -26.0 26.0 -26.0 5.24 -3.257 2457670.146301 1.8e-05 -1.8e-05 0.788 0.011 -0.01 0.388 0.012 -0.012 4.049219 2.6e-05 -2.6e-05 0.02227 0.00019 -0.00019 89.896 0.063 0.00837 0.00093 -0.00093 286.2 0.060202467538690047 0.00052 -0.00052 40.216 0.182 -0.299 1 0 """brightsky""" 176.09420856610188 168.62929153966456 30 4.044159932957131 93.81943450396535
