outputs/DDTargets_modified.ecsv
# %ECSV 1.0
# ---
# datatype:
# - {name: hostname, datatype: string, subtype: json}
# - {name: pl_name, datatype: string, subtype: json}
# - {name: sy_dist, unit: pc, datatype: float64}
# - {name: sy_disterr1, datatype: float64}
# - {name: sy_disterr2, datatype: float64}
# - {name: rastr, unit: sexagesimal, datatype: string, subtype: json}
# - {name: decstr, unit: sexagesimal, datatype: string, subtype: json}
# - {name: sy_vmag, datatype: float64}
# - {name: sy_jmag, datatype: float64}
# - {name: sy_kmag, datatype: float64}
# - {name: st_mass, unit: Solar mass, datatype: float64}
# - {name: st_masserr1, unit: Solar mass, datatype: float64}
# - {name: st_masserr2, unit: Solar mass, datatype: float64}
# - {name: st_rad, unit: Solar Radius, datatype: float64}
# - {name: st_raderr1, unit: Solar Radius, datatype: float64}
# - {name: st_raderr2, unit: Solar Radius, datatype: float64}
# - {name: st_teff, unit: K, datatype: float64}
# - {name: st_tefferr1, unit: K, datatype: float64}
# - {name: st_tefferr2, unit: K, datatype: float64}
# - {name: st_tefferr12, unit: K, datatype: float64}
# - {name: st_tefferr22, unit: K, datatype: float64}
# - {name: st_logg, unit: log10(cm/s**2), datatype: float64}
# - {name: st_lum, unit: log(Solar), datatype: float64}
# - {name: pl_tranmid, unit: days, datatype: float64}
# - {name: pl_tranmiderr1, unit: days, datatype: float64}
# - {name: pl_tranmiderr2, unit: days, datatype: float64}
# - {name: pl_rade, unit: Earth Radius, datatype: float64}
# - {name: pl_radeerr1, unit: Earth Radius, datatype: float64}
# - {name: pl_radeerr2, unit: Earth Radius, datatype: float64}
# - {name: pl_bmasse, unit: Earth Mass, datatype: float64}
# - {name: pl_bmasseerr1, datatype: float64}
# - {name: pl_bmasseerr2, datatype: float64}
# - {name: pl_orbper, unit: days, datatype: float64}
# - {name: pl_orbpererr1, unit: days, datatype: float64}
# - {name: pl_orbpererr2, unit: days, datatype: float64}
# - {name: pl_orbsmax, datatype: float64}
# - {name: pl_orbsmaxerr1, unit: AU, datatype: float64}
# - {name: pl_orbsmaxerr2, unit: AU, datatype: float64}
# - {name: pl_orbincl, unit: deg, datatype: float64}
# - {name: pl_imppar, datatype: float64}
# - {name: pl_orbeccen, datatype: float64}
# - {name: pl_orbeccenerr1, datatype: float64}
# - {name: pl_orbeccenerr2, datatype: float64}
# - {name: pl_eqt, unit: K, datatype: float64}
# - {name: pl_ratror, datatype: float64}
# - {name: pl_ratrorerr1, datatype: float64}
# - {name: pl_ratrorerr2, datatype: float64}
# - {name: pl_ratdor, datatype: float64}
# - {name: pl_ratdorerr1, datatype: float64}
# - {name: pl_ratdorerr2, datatype: float64}
# - {name: tran_flag, datatype: int32}
# - {name: rv_flag, datatype: int32}
# - {name: subarray, datatype: string, subtype: json}
# - {name: ecl_depth, unit: ppm, datatype: float64}
# - {name: ecl_depth_err, unit: ppm, datatype: float64}
# - {name: nobs, datatype: int64}
# - {name: sigma, datatype: float64}
# - {name: obshrs, unit: h, datatype: float64}
# schema: astropy-2.0
hostname pl_name sy_dist sy_disterr1 sy_disterr2 rastr decstr sy_vmag sy_jmag sy_kmag st_mass st_masserr1 st_masserr2 st_rad st_raderr1 st_raderr2 st_teff st_tefferr1 st_tefferr2 st_tefferr12 st_tefferr22 st_logg st_lum pl_tranmid pl_tranmiderr1 pl_tranmiderr2 pl_rade pl_radeerr1 pl_radeerr2 pl_bmasse pl_bmasseerr1 pl_bmasseerr2 pl_orbper pl_orbpererr1 pl_orbpererr2 pl_orbsmax pl_orbsmaxerr1 pl_orbsmaxerr2 pl_orbincl pl_imppar pl_orbeccen pl_orbeccenerr1 pl_orbeccenerr2 pl_eqt pl_ratror pl_ratrorerr1 pl_ratrorerr2 pl_ratdor pl_ratdorerr1 pl_ratdorerr2 tran_flag rv_flag subarray ecl_depth ecl_depth_err nobs sigma obshrs
"""LHS 1140""" """LHS 1140 b""" 14.9861 0.0153 -0.0152 """00h44m59.67s""" """-15d16m26.79s""" 14.15 9.612001 8.821 0.18 0.0 -0.0 0.22 0.0 -0.0 3096.0 48.0 -48.0 48.0 -48.0 5.04 -2.42 2458399.93 0.0003 -0.0003 1.73 0.025 -0.025 5.6 0.19 -0.19 24.73723 2e-05 -2e-05 0.0946 0.0017 -0.0017 89.86 0.23 0.043 0.0 0.0 226.0 0.07209294105348438 8e-05 -8e-05 95.34 1.06 -1.06 1 1 """sub256""" 80.47318452159624 48.21332834263932 5 3.0099359017063874 28.243250747668373
"""K2-415""" """K2-415 b""" 21.8182 0.0307 -0.0307 """09h08m48.37s""" """+11d51m44.10s""" 15.33 10.739 9.899 0.16 0.0 -0.0 0.2 0.01 -0.01 3173.0 53.0 -53.0 53.0 -53.0 5.07 -2.455 2458100.07116 0.00069 -0.00069 1.015 0.051 -0.005 7.5 0.0 0.0 4.0179694 2.7e-06 -2.7e-06 0.027 0.00023 -0.00023 89.32 0.37 0.0 0.0 0.0 412.4 0.046527033922667806 0.002 -0.0018 29.029341015523926 0.0 0.0 1 0 """brightsky""" 164.58192736394406 141.43893162083563 18 3.006069627055421 64.62613514284821
"""TOI-1452""" """TOI-1452 b""" 30.5212 0.0392 -0.039 """19h20m41.75s""" """+73d11m42.39s""" 14.354 10.604 9.74 0.25 0.01 -0.01 0.28 0.01 -0.01 3185.0 50.0 -50.0 50.0 -50.0 4.95 -2.155 2458691.5321 0.0015 -0.0015 1.672 0.071 -0.071 4.82 1.3 -1.3 11.06201 2e-05 -2e-05 0.061 0.003 -0.003 89.77 0.19 0.0 0.0 0.0 326.0 0.0547453910757921 0.0 0.0 46.846291056797874 0.0 0.0 1 1 """brightsky""" 126.54697063277037 84.7421131975155 9 3.039937317079854 47.202693222901495
"""TOI-198""" """TOI-198 b""" 23.7262 0.02655 -0.02655 """00h09m05.16s""" """-27d07m18.28s""" 11.688 8.655 7.856 0.47 0.02 -0.02 0.44 0.02 -0.02 3650.0 75.0 -75.0 75.0 -75.0 4.75 -1.433 2459480.048 0.0004 -0.0004 1.44 0.08 -0.08 2.67 0.0 0.0 10.2152 6e-05 -6e-05 0.1 0.006 -0.006 89.89 0.094 0.0 0.0 0.0 368.0 0.030003998588733382 0.0022 -0.0022 49.086 3.003 -3.003 1 0 """sub256""" 44.510407364013204 37.89218412873669 16 3.0263392342413837 76.1850987418998
"""TOI-1634""" """TOI-1634 b""" 35.2736 0.0527 -0.0526 """03h45m33.75s""" """+37d06m44.21s""" 13.217 9.484 8.6 0.45 0.02 -0.02 0.45 0.02 -0.02 3472.0 70.0 -70.0 70.0 -70.0 4.79 -1.578 2458791.5146 0.0021 -0.0021 1.773 0.077 -0.077 7.57 0.71 -0.72 0.9893455 6e-06 -6e-06 0.01545 0.00014 -0.00014 86.98 0.375 0.0 0.0 0.0 924.0 0.03612148052321402 0.001 -0.001 7.38 0.2 -0.2 1 1 """sub256""" 355.97910420356976 69.2057750140765 2 3.230425291925228 6.950997925940294
"""TOI-406""" """TOI-406.01""" 31.0597 0.0341 -0.034 """03h17m03.03s""" """-42d14m38.94s""" 13.773 9.695 8.848 0.48 0.0 0.0 0.39 0.0 0.0 3349.0 0.0 0.0 0.0 0.0 4.94 -1.78 2458388.56746 0.00114 -0.00114 1.96 0.446 -0.446 4.5 0.0 0.0 13.1757294 0.0 0.0 0.085518 0.0 0.0 89.67191042361239 0.0 0.0 0.0 0.0 344.166795 0.04607451635135981 0.0 0.0 47.15158945803562 0.0 0.0 1 0 """sub256""" 100.79256047894556 49.859959469049116 5 3.0047264941660154 29.07605445104801
"""TOI-776""" """TOI-776 b""" 27.1701 0.03205 -0.03205 """11h54m18.72s""" """-37d33m12.08s""" 11.536 8.483 7.615 0.54 0.04 -0.04 0.55 0.02 -0.02 3725.0 60.0 -60.0 60.0 -60.0 4.8 -1.31 2459288.8713 0.001 -0.0011 1.798 0.078 -0.077 5.0 1.6 -1.6 8.24662 2.4e-05 -3.1e-05 0.0653 0.0014 -0.0016 89.41 0.26 0.052 0.037 -0.035 520.0 0.02997066081252368 0.0008 -0.0008 25.53018139143047 0.0 0.0 1 1 """sub128""" 90.24849036771113 27.04886610594217 3 3.1652805772719663 19.249055315411248
"""Kepler-445""" """Kepler-445 b""" 127.201 0.995 -0.995 """19h54m56.72s""" """+46d29m56.84s""" 18.19 13.542 12.61 0.18 0.04 -0.04 0.21 0.03 -0.03 3157.0 60.0 -60.0 60.0 -60.0 4.93 -2.1 2454966.1194 0.0033 -0.0033 1.58 0.23 -0.23 3.12 0.0 0.0 2.984151 1.1e-05 -1.1e-05 0.0217 0.0 0.0 89.74 0.001 0.0 0.0 0.0 401.0 0.06897744649102994 0.0018 -0.0018 21.94 0.3 -0.3 1 1 """full""" 495.70434957892303 890.1996240055712 89 3.0090664824451063 330.43242479222977
"""TOI-5388""" """TOI-5388.01""" 18.5226 0.01665 -0.01665 """10h08m42.36s""" """+35d32m51.21s""" 12.728 9.167 8.319 0.29 0.0 0.0 0.31 0.0 0.0 3495.0 0.0 0.0 0.0 0.0 4.91 -1.88 2459630.895748 0.001503 -0.001503 1.894 0.559 -0.559 4.25 0.0 0.0 2.594675 0.0 0.0 0.024336 0.0 0.0 90.0 0.0 0.0 0.0 0.0 601.3533109 0.0560128410929813 0.0 0.0 16.880717872253054 0.0 0.0 1 0 """sub256""" 447.6618456098193 53.26758440747094 1 4.240760712664854 3.9816257676107236
"""LTT 1445 A""" """LTT 1445 A b""" 6.86929 0.003805 -0.003805 """03h01m50.99s""" """-16d35m40.18s""" 10.59 7.294 6.496 0.26 0.01 -0.01 0.27 0.01 -0.01 3340.0 150.0 -150.0 150.0 -150.0 4.97 -2.046 2459152.2189 0.0005 -0.0005 1.18 0.06 -0.06 2.73 0.25 -0.23 5.35876 1e-05 -1e-05 0.022 0.003 -0.003 89.203 0.84 0.19 0.35 -0.14 555.0 0.04006706807425507 0.001 -0.001 29.963 3.128 -3.128 1 1 """sub64""" 128.895369099444 20.468092617556334 1 3.700922390932647 4.1045737899200745
"""TOI-2266""" """TOI-2266 b""" 51.6004 0.1297 -0.1291 """16h21m07.21s""" """+31d34m37.35s""" 16.54 11.844 11.017 0.23 0.02 -0.02 0.24 0.01 -0.01 3200.0 170.0 -170.0 170.0 -170.0 4.97 -2.167 2459255.69482 0.00027 -0.00027 1.54 0.09 -0.09 2.99 0.0 0.0 2.326318 4.8e-06 -4.8e-06 0.02 0.002 -0.002 88.51 0.64 0.0 0.0 0.0 550.0 0.05882728427003976 0.001 -0.001 18.43 0.7 -1.5 1 0 """full""" 407.699405428844 286.6013700894946 15 3.0186296562409995 49.83467854927096
"""TOI-5799""" """TOI-5799 b""" 27.8123 0.02505 -0.02505 """20h06m31.24s""" """+15d59m20.91s""" 13.29 9.742 8.952 0.34 0.03 -0.03 0.33 0.01 -0.01 3514.0 95.0 -94.0 95.0 -94.0 4.93 -1.83 2459772.3341 0.0013 -0.0013 1.625 0.192 -0.128 3.27 0.0 0.0 4.164753 0.00038 -0.000427 0.0352 0.0011 -0.0011 88.67 0.48 0.0 0.0 0.0 518.01 0.04514490528397384 0.005 -0.003 20.31 2.72 -5.43 1 0 """sub256""" 243.54511988803705 66.86468499047568 3 3.3547966424729125 13.272962211105643
"""TOI-1468""" """TOI-1468 b""" 24.7399 0.0469 -0.0467 """01h06m36.93s""" """+19d13m29.71s""" 12.5 9.343 8.497 0.34 0.01 -0.01 0.34 0.01 -0.01 3496.0 25.0 -25.0 25.0 -25.0 5.0 -1.797 2458765.68079 0.0007 -0.00069 1.28 0.038 -0.039 3.21 0.24 -0.24 1.8805136 2.4e-06 -2.6e-06 0.0 0.0 0.0 88.47 0.35 0.0 0.0 0.0 682.2 0.03451440360534036 0.0 0.0 13.14 0.21 -0.24 1 1 """sub256""" 213.60032082767955 62.51361980532587 4 3.338349162808796 14.522953705392574
"""TOI-1680""" """TOI-1680 b""" 37.2209 0.0617 -0.0614 """19h29m15.35s""" """+65d58m25.69s""" 15.87 11.637 10.821 0.18 0.0 -0.0 0.21 0.01 -0.0 3225.0 99.0 -100.0 99.0 -100.0 5.05 -2.363 2459013.84254 0.00037 -0.00039 1.466 0.063 -0.049 2.75 0.0 0.0 4.8026345 4e-06 -3.9e-06 0.03144 0.00025 -0.00026 89.58 0.23 0.0 0.0 0.0 404.0 0.06400059275686701 0.0015 -0.0015 32.04 0.74 -0.93 1 0 """full""" 280.4161086661101 218.52641325086458 15 3.065663363177377 58.15761809778673
"""TOI-237""" """TOI-237 b""" 38.0749 0.2292 -0.2265 """23h32m58.45s""" """-29d24m59.35s""" 16.37 11.74 10.896 0.18 0.0 -0.0 0.21 0.01 -0.01 3212.0 100.0 -100.0 100.0 -100.0 5.04 -2.387 2458697.7198 0.000796 -0.000815 1.44 0.12 -0.12 2.67 0.0 0.0 5.436098 3.9e-05 -3.9e-05 0.0341 0.001 -0.001 89.5 0.3 0.0 0.0 0.0 388.0 0.06286552085258423 0.002 -0.002 34.7 2.9 -2.9 1 0 """full""" 243.55498331833414 244.7774485253635 23 3.010280799732132 90.5986337749679
"""TOI-1467""" """TOI-1467 b""" 37.4418 0.05465 -0.05465 """01h16m27.51s""" """+49d13m59.30s""" 12.293 9.38 8.568 0.45 0.01 -0.01 0.46 0.01 -0.01 3776.0 23.0 -21.0 23.0 -21.0 4.77 -1.42 2458766.985 0.003 -0.003 1.676 0.088 -0.084 9.0 0.0 0.0 5.97199 0.00083 -0.00083 0.0495 0.0009 -0.0009 88.98 0.441 0.0 0.0 0.0 506.067286928 0.03340300229359231 0.00165 -0.0016 26.89 2.36 -4.46 1 0 """sub256""" 105.4063113492925 56.02074327140877 9 3.1136537088545326 41.47955902071054
"""Kepler-446""" """Kepler-446 b""" 96.339 0.5141 -0.5087 """18h49m00.03s""" """+44d55m15.61s""" 17.5041 13.591 12.827 0.22 0.05 -0.05 0.24 0.04 -0.04 3359.0 60.0 -60.0 60.0 -60.0 5.03 -2.248 2454965.9135 0.0019 -0.0019 1.5 0.25 -0.25 2.86 0.0 0.0 1.565409 3.3e-06 -3.3e-06 0.0182 0.0 0.0 87.42 0.601 0.0 0.0 0.0 648.0 0.057299302860428336 0.0026 -0.0026 14.2 0.94 -0.94 1 1 """full""" 545.6284834379377 1456.8240870195466 99 2.043254488915049 289.1622106765454
"""TOI-260""" """TOI-260 b""" 20.1852 0.0232 -0.0231 """00h19m05.52s""" """-09d57m58.14s""" 9.9 7.376 6.549 0.55 0.01 -0.01 0.55 0.01 -0.01 4050.0 36.0 -31.0 36.0 -31.0 4.7 -1.137 2458392.2944 0.0021 -0.0021 1.473 0.12 -0.084 3.3 1.1 -1.0 13.475815 4.7e-05 -4.7e-05 0.091 0.002 -0.002 89.06768378873213 0.5789 0.0 0.0 0.0 438.587642903 0.02455327217844682 0.00196 -0.00137 35.57804757458152 0.0 0.0 1 1 """sub64""" 45.96562676369438 17.605984983482372 5 3.3012340307891153 31.9657977618595
"""TOI-771""" """TOI-771 b""" 25.2788 0.0257 -0.0257 """10h56m27.33s""" """-72d59m06.62s""" 14.888 10.507 9.664 0.22 0.02 -0.02 0.24 0.01 -0.01 3201.0 100.0 -95.0 100.0 -95.0 5.01 -2.26 2458572.4178 0.0003 -0.0003 1.422 0.108 -0.086 2.61 0.0 0.0 2.326021 1e-06 -1e-06 0.0207 0.0008 -0.0008 88.13 0.51 0.0 0.0 0.0 527.19 0.05431973911168606 0.003 -0.002 15.69 2.18 -3.51 1 0 """brightsky""" 405.1191139918208 109.14259075550613 3 3.3668278154389206 10.769811845091775
"""LP 890-9""" """LP 890-9 c""" 32.4298 0.0702 -0.0699 """04h16m31.42s""" """-28d18m56.85s""" 18.0 12.258 11.344 0.12 0.0 -0.0 0.16 0.01 -0.01 2850.0 75.0 -75.0 75.0 -75.0 5.13 -2.841 2459520.70598 0.00031 -0.00031 1.367 0.055 -0.039 25.3 0.0 0.0 8.457463 2.4e-05 -2.4e-05 0.03984 0.00022 -0.00022 89.287 0.697 0.0 0.0 0.0 272.0 0.07832814701020553 0.0 0.0 55.94 0.82 -1.74 1 0 """full""" 188.67995364984768 328.8534117460626 50 3.0204008140240957 170.1292818899213
"""LHS 1478""" """LHS 1478 b""" 18.2276 0.011 -0.011 """02h57m21.33s""" """+76d33m05.06s""" 13.304 9.615 8.767 0.24 0.01 -0.01 0.25 0.01 -0.01 3381.0 54.0 -54.0 54.0 -54.0 4.87 -2.146 2458786.75425 0.00042 -0.00042 1.242 0.051 -0.049 2.33 0.2 -0.2 1.9495378 4e-06 -4.1e-06 0.01848 0.00061 -0.00063 87.452 0.717 0.0 0.0 0.0 595.0 0.045546069857697276 0.0011 -0.001 16.119 0.088 -0.094 1 1 """sub256""" 309.0480725787888 84.1953007370789 3 3.2815250730981558 8.726545112186228
"""TOI-4559""" """TOI-4559 b""" 31.6354 0.07385 -0.07385 """14h04m03.25s""" """-30d00m50.85s""" 13.115 9.455 8.619 0.39 0.03 -0.03 0.37 0.02 -0.02 3558.0 73.0 -83.0 73.0 -83.0 4.88 -1.693 2459335.3447 0.0009 -0.001 1.415 0.126 -0.112 2.59 0.0 0.0 3.965991 0.000314 -0.000332 0.0359 0.0008 -0.0008 88.64 0.47 0.0 0.0 0.0 554.16 0.03506097883135399 0.003 -0.002 19.71 2.61 -4.82 1 0 """sub256""" 153.2744134183729 58.453150469942095 5 3.106081936585326 21.702286030894854
"""HD 260655""" """HD 260655 c""" 10.0055 0.00505 -0.00505 """06h37m09.97s""" """+17d33m58.57s""" 9.63 6.674 5.862 0.44 0.01 -0.01 0.44 0.0 -0.0 3803.0 10.0 -10.0 10.0 -10.0 5.2 -1.44 2459490.3646 0.0004 -0.0004 1.533 0.051 -0.046 3.09 0.48 -0.48 5.70588 7e-05 -7e-05 0.04749 0.00039 -0.00039 87.79 0.89 0.038 0.036 -0.022 557.0 0.031941756830922416 0.001 -0.001 23.37 0.47 -0.47 1 1 """sub64""" 110.35762040500519 19.94990783474925 2 4.085707991576718 6.753899785289063
"""GJ 486""" """GJ 486 b""" 8.07426 0.004095 -0.004095 """12h47m55.57s""" """+09d44m57.91s""" 11.39 7.195 6.362 0.32 0.02 -0.02 0.33 0.01 -0.01 3340.0 54.0 -54.0 54.0 -54.0 4.89 -1.917 2458931.15935 0.00042 -0.00042 1.305 0.063 -0.067 2.82 0.11 -0.12 1.467119 3.1e-05 -3e-05 0.01734 0.00026 -0.00027 88.4 0.0 0.05 0.0 0.0 701.0 0.03625483162805283 0.0 0.0 11.298962361597868 0.0 0.0 1 1 """sub64""" 261.73159325564694 22.265884637153288 1 5.524146059198958 3.4614925217592027
"""TOI-244""" """TOI-244 b""" 22.0337 0.0334 -0.0333 """00h42m16.74s""" """-36d43m04.71s""" 12.861 8.827 7.97 0.43 0.03 -0.03 0.43 0.03 -0.03 3433.0 100.0 -100.0 100.0 -100.0 4.66 -1.643 2458357.3627 0.002 -0.002 1.52 0.12 -0.12 2.68 0.3 -0.3 7.397225 2.6e-05 -2.3e-05 0.0559 0.0013 -0.0013 88.32 0.61 0.0 0.0 0.0 458.0 0.03240741966431668 0.0017 -0.0018 28.1 1.8 -1.8 1 1 """sub256""" 89.64693431499278 43.408348392338596 7 3.168234931377442 28.02817119045767
"""LP 890-9""" """LP 890-9 b""" 32.4298 0.0702 -0.0699 """04h16m31.42s""" """-28d18m56.85s""" 18.0 12.258 11.344 0.12 0.0 -0.0 0.16 0.01 -0.01 2850.0 75.0 -75.0 75.0 -75.0 5.13 -2.841 2459447.82637 0.00014 -0.00014 1.32 0.053 -0.027 13.2 0.0 0.0 2.7299025 3.4e-06 -4e-06 0.01875 0.0001 -0.0001 89.67 0.15 0.0 0.0 0.0 396.0 0.0756350797757654 0.0 0.0 26.32 0.39 -0.82 1 0 """full""" 475.51547729724933 349.12501291808735 13 3.0652942649283283 41.444734988757496
"""LHS 1140""" """LHS 1140 c""" 14.9861 0.0153 -0.0152 """00h44m59.67s""" """-15d16m26.79s""" 14.15 9.612001 8.821 0.18 0.0 -0.0 0.22 0.0 -0.0 3096.0 48.0 -48.0 48.0 -48.0 5.04 -2.42 2458389.2939 0.0002 -0.0002 1.272 0.026 -0.026 1.91 0.06 -0.06 3.77794 2e-06 -2e-06 0.027 0.0005 -0.0005 89.8 0.09 0.05 0.0 0.0 422.0 0.05300706417342898 0.00013 -0.00013 26.57 0.05 -0.05 1 1 """sub256""" 256.58275930130804 65.0451998352104 2 3.3312760927376424 7.558694939228598
"""TOI-2096""" """TOI-2096 b""" 48.4809 0.0982 -0.0978 """10h06m28.49s""" """+74d49m37.96s""" 15.92 11.877 11.021 0.23 0.01 -0.01 0.24 0.01 -0.01 3300.0 50.0 -50.0 50.0 -50.0 5.05 -2.228 2459146.45853 0.00037 -0.00041 1.243 0.077 -0.072 2.08 0.0 0.0 3.1190633 1e-05 -9.3e-06 0.025 0.001 -0.001 89.24 0.3 0.15 0.27 -0.12 445.0 0.04748202230367495 0.0018 -0.0017 22.399182882348715 0.0 0.0 1 0 """full""" 242.27707561871128 281.58171735854864 39 3.029394568865996 141.88080164959837
"""L 98-59""" """L 98-59 c""" 10.6194 0.0032 -0.0032 """08h18m07.89s""" """-68d18m52.08s""" 11.685 7.933 7.101 0.27 0.03 -0.03 0.3 0.03 -0.02 3415.0 135.0 -135.0 135.0 -135.0 4.86 -1.948 2458367.27375 0.00013 -0.00022 1.385 0.095 -0.075 2.22 0.26 -0.25 3.6906777 1.6e-06 -2.6e-06 0.0304 0.0011 -0.0012 88.11 0.601 0.103 0.045 -0.058 553.0 0.0423250850462364 0.00068 -0.00056 21.789925107948825 0.0 0.0 1 1 """sub128""" 202.24723819120425 31.647192657849335 1 3.4810629950555065 3.455228437075779
"""LHS 3844""" """LHS 3844 b""" 14.8846 0.0113 -0.0113 """22h41m59.09s""" """-69d10m19.59s""" 15.24 10.046 9.145001 0.15 0.01 -0.01 0.19 0.01 -0.01 3036.0 77.0 -77.0 77.0 -77.0 5.06 -2.565 2458325.72558 0.00025 -0.00025 1.303 0.022 -0.022 2.25 0.0 0.0 0.46292913 1.9e-06 -1.9e-06 0.00622 0.00017 -0.00017 88.5 0.186 0.0 0.0 0.0 805.0 0.06287241400180052 0.0009 -0.0009 7.109 0.029 -0.029 1 0 """sub256""" 1119.9290737062256 110.91793444148904 1 4.55117442740982 2.5453188222112018
"""GJ 1132""" """GJ 1132 b""" 12.613 0.007 -0.007 """10h14m50.18s""" """-47d09m17.77s""" 13.68 9.245 8.322 0.18 0.02 -0.02 0.21 0.01 -0.01 3270.0 140.0 -140.0 140.0 -140.0 4.88 -2.359 2458031.60114 0.00011 -0.00011 1.13 0.056 -0.056 1.66 0.23 -0.23 1.628931 2.7e-05 -2.7e-05 0.0153 0.0005 -0.0005 88.6 0.38 0.22 0.0 0.0 529.0 0.04933197122459734 0.00086 -0.00086 15.66662848456847 0.0 0.0 1 1 """sub256""" 354.580157435619 62.26590038915142 2 4.119156353751232 6.10718784694951
"""LP 791-18""" """LP 791-18 b""" 26.4927 0.064 -0.0638 """11h02m45.72s""" """-16d24m23.20s""" 16.91 11.559 10.644 0.14 0.01 -0.01 0.18 0.01 -0.01 2960.0 55.0 -55.0 55.0 -55.0 5.12 -2.638 2458774.86973 0.00018 -0.00018 1.212 0.059 -0.058 1.94 0.0 0.0 0.9479981 2.1e-06 -2.1e-06 0.00978 0.00012 -0.00012 88.37 0.33 0.0 0.0 0.0 564.3 0.061730448948301465 0.0018 -0.0018 11.0 2.0 -4.0 1 0 """brightsky""" 746.7589495140888 251.58883582195566 4 3.019576393456476 11.353594253104221
"""L 98-59""" """L 98-59 d""" 10.6194 0.0032 -0.0032 """08h18m07.89s""" """-68d18m52.08s""" 11.685 7.933 7.101 0.27 0.03 -0.03 0.3 0.03 -0.02 3415.0 135.0 -135.0 135.0 -135.0 4.86 -1.948 2458362.73974 0.00031 -0.0004 1.521 0.119 -0.098 1.94 0.28 -0.28 7.4507245 8.1e-06 -4.6e-06 0.0486 0.0018 -0.0019 88.449 0.922 0.074 0.057 -0.046 416.0 0.04648119448037947 0.00106 -0.001 34.83520921862872 0.0 0.0 1 1 """sub128""" 150.06255593649053 36.32359685729475 2 3.531089911517563 5.968384728518359
"""GJ 357""" """GJ 357 b""" 9.44181 0.00511 -0.00511 """09h36m01.79s""" """-21d39m54.23s""" 10.91 7.337 6.475 0.34 0.01 -0.01 0.34 0.02 -0.02 3505.0 51.0 -51.0 51.0 -51.0 4.94 -1.798 2459272.6757 0.0004 -0.0004 1.2 0.06 -0.06 1.84 0.31 -0.31 3.9306 2e-06 -2e-06 0.036 0.0004 -0.0004 89.228 0.307 0.0 0.0 0.0 518.0 0.032357253380006584 0.001 -0.001 22.89 1.211 -1.211 1 1 """sub64""" 112.70521767586683 20.998888763872216 2 4.085983596461309 8.171759475830873
