outputs/DDTargets_modified_4sigma.ecsv
# %ECSV 1.0
# ---
# datatype:
# - {name: hostname, datatype: string, subtype: json}
# - {name: pl_name, datatype: string, subtype: json}
# - {name: sy_dist, unit: pc, datatype: float64}
# - {name: sy_disterr1, datatype: float64}
# - {name: sy_disterr2, datatype: float64}
# - {name: rastr, unit: sexagesimal, datatype: string, subtype: json}
# - {name: decstr, unit: sexagesimal, datatype: string, subtype: json}
# - {name: sy_vmag, datatype: float64}
# - {name: sy_jmag, datatype: float64}
# - {name: sy_kmag, datatype: float64}
# - {name: st_mass, unit: Solar mass, datatype: float64}
# - {name: st_masserr1, unit: Solar mass, datatype: float64}
# - {name: st_masserr2, unit: Solar mass, datatype: float64}
# - {name: st_rad, unit: Solar Radius, datatype: float64}
# - {name: st_raderr1, unit: Solar Radius, datatype: float64}
# - {name: st_raderr2, unit: Solar Radius, datatype: float64}
# - {name: st_teff, unit: K, datatype: float64}
# - {name: st_tefferr1, unit: K, datatype: float64}
# - {name: st_tefferr2, unit: K, datatype: float64}
# - {name: st_tefferr12, unit: K, datatype: float64}
# - {name: st_tefferr22, unit: K, datatype: float64}
# - {name: st_logg, unit: log10(cm/s**2), datatype: float64}
# - {name: st_lum, unit: log(Solar), datatype: float64}
# - {name: pl_tranmid, unit: days, datatype: float64}
# - {name: pl_tranmiderr1, unit: days, datatype: float64}
# - {name: pl_tranmiderr2, unit: days, datatype: float64}
# - {name: pl_rade, unit: Earth Radius, datatype: float64}
# - {name: pl_radeerr1, unit: Earth Radius, datatype: float64}
# - {name: pl_radeerr2, unit: Earth Radius, datatype: float64}
# - {name: pl_bmasse, unit: Earth Mass, datatype: float64}
# - {name: pl_bmasseerr1, datatype: float64}
# - {name: pl_bmasseerr2, datatype: float64}
# - {name: pl_orbper, unit: days, datatype: float64}
# - {name: pl_orbpererr1, unit: days, datatype: float64}
# - {name: pl_orbpererr2, unit: days, datatype: float64}
# - {name: pl_orbsmax, datatype: float64}
# - {name: pl_orbsmaxerr1, unit: AU, datatype: float64}
# - {name: pl_orbsmaxerr2, unit: AU, datatype: float64}
# - {name: pl_orbincl, unit: deg, datatype: float64}
# - {name: pl_imppar, datatype: float64}
# - {name: pl_orbeccen, datatype: float64}
# - {name: pl_orbeccenerr1, datatype: float64}
# - {name: pl_orbeccenerr2, datatype: float64}
# - {name: pl_eqt, unit: K, datatype: float64}
# - {name: pl_ratror, datatype: float64}
# - {name: pl_ratrorerr1, datatype: float64}
# - {name: pl_ratrorerr2, datatype: float64}
# - {name: pl_ratdor, datatype: float64}
# - {name: pl_ratdorerr1, datatype: float64}
# - {name: pl_ratdorerr2, datatype: float64}
# - {name: tran_flag, datatype: int32}
# - {name: rv_flag, datatype: int32}
# - {name: subarray, datatype: string, subtype: json}
# - {name: ecl_depth, unit: ppm, datatype: float64}
# - {name: ecl_depth_err, unit: ppm, datatype: float64}
# - {name: nobs, datatype: int64}
# - {name: sigma, datatype: float64}
# - {name: obshrs, unit: h, datatype: float64}
# schema: astropy-2.0
hostname pl_name sy_dist sy_disterr1 sy_disterr2 rastr decstr sy_vmag sy_jmag sy_kmag st_mass st_masserr1 st_masserr2 st_rad st_raderr1 st_raderr2 st_teff st_tefferr1 st_tefferr2 st_tefferr12 st_tefferr22 st_logg st_lum pl_tranmid pl_tranmiderr1 pl_tranmiderr2 pl_rade pl_radeerr1 pl_radeerr2 pl_bmasse pl_bmasseerr1 pl_bmasseerr2 pl_orbper pl_orbpererr1 pl_orbpererr2 pl_orbsmax pl_orbsmaxerr1 pl_orbsmaxerr2 pl_orbincl pl_imppar pl_orbeccen pl_orbeccenerr1 pl_orbeccenerr2 pl_eqt pl_ratror pl_ratrorerr1 pl_ratrorerr2 pl_ratdor pl_ratdorerr1 pl_ratdorerr2 tran_flag rv_flag subarray ecl_depth ecl_depth_err nobs sigma obshrs
[from data line 34]
"""GJ 357""" """GJ 357 b""" 9.44181 0.00511 -0.00511 """09h36m01.79s""" """-21d39m54.23s""" 10.91 7.337 6.475 0.34 0.01 -0.01 0.34 0.02 -0.02 3505.0 51.0 -51.0 51.0 -51.0 4.94 -1.798 2459272.6757 0.0004 -0.0004 1.2 0.06 -0.06 1.84 0.31 -0.31 3.9306 2e-06 -2e-06 0.036 0.0004 -0.0004 89.228 0.307 0.0 0.0 0.0 518.0 0.032357253380006584 0.001 -0.001 22.89 1.211 -1.211 1 1 """sub64""" 112.70521767586683 20.998888763872216 2 4.085983596461309 8.171759475830873
"""TOI-771""" """TOI-771 b""" 25.2788 0.0257 -0.0257 """10h56m27.33s""" """-72d59m06.62s""" 14.888 10.507 9.664 0.22 0.02 -0.02 0.24 0.01 -0.01 3201.0 100.0 -95.0 100.0 -95.0 5.01 -2.26 2458572.4178 0.0003 -0.0003 1.422 0.108 -0.086 2.61 0.0 0.0 2.326021 1e-06 -1e-06 0.0207 0.0008 -0.0008 88.13 0.51 0.0 0.0 0.0 527.19 0.05431973911168606 0.003 -0.002 15.69 2.18 -3.51 1 0 """brightsky""" 405.1191139918208 109.14259075550613 5 4.275306897767649 17.949686408486293
"""TOI-1468""" """TOI-1468 b""" 24.7399 0.0469 -0.0467 """01h06m36.93s""" """+19d13m29.71s""" 12.5 9.343 8.497 0.34 0.01 -0.01 0.34 0.01 -0.01 3496.0 25.0 -25.0 25.0 -25.0 5.0 -1.797 2458765.68079 0.0007 -0.00069 1.28 0.038 -0.039 3.21 0.24 -0.24 1.8805136 2.4e-06 -2.6e-06 0.0 0.0 0.0 88.47 0.35 0.0 0.0 0.0 682.2 0.03451440360534036 0.0 0.0 13.14 0.21 -0.24 1 1 """sub256""" 213.60032082767955 62.51361980532587 6 4.031718767861785 21.78443055808886
"""LHS 1478""" """LHS 1478 b""" 18.2276 0.011 -0.011 """02h57m21.33s""" """+76d33m05.06s""" 13.304 9.615 8.767 0.24 0.01 -0.01 0.25 0.01 -0.01 3381.0 54.0 -54.0 54.0 -54.0 4.87 -2.146 2458786.75425 0.00042 -0.00042 1.242 0.051 -0.049 2.33 0.2 -0.2 1.9495378 4e-06 -4.1e-06 0.01848 0.00061 -0.00063 87.452 0.717 0.0 0.0 0.0 595.0 0.045546069857697276 0.0011 -0.001 16.119 0.088 -0.094 1 1 """sub256""" 309.0480725787888 84.1953007370789 5 4.163106694366295 14.544241853643712
"""TOI-1634""" """TOI-1634 b""" 35.2736 0.0527 -0.0526 """03h45m33.75s""" """+37d06m44.21s""" 13.217 9.484 8.6 0.45 0.02 -0.02 0.45 0.02 -0.02 3472.0 70.0 -70.0 70.0 -70.0 4.79 -1.578 2458791.5146 0.0021 -0.0021 1.773 0.077 -0.077 7.57 0.71 -0.72 0.9893455 6e-06 -6e-06 0.01545 0.00014 -0.00014 86.98 0.375 0.0 0.0 0.0 924.0 0.03612148052321402 0.001 -0.001 7.38 0.2 -0.2 1 1 """sub256""" 355.97910420356976 69.2057750140765 4 4.466462779009358 13.901995851880589
"""Kepler-446""" """Kepler-446 b""" 96.339 0.5141 -0.5087 """18h49m00.03s""" """+44d55m15.61s""" 17.5041 13.591 12.827 0.22 0.05 -0.05 0.24 0.04 -0.04 3359.0 60.0 -60.0 60.0 -60.0 5.03 -2.248 2454965.9135 0.0019 -0.0019 1.5 0.25 -0.25 2.86 0.0 0.0 1.565409 3.3e-06 -3.3e-06 0.0182 0.0 0.0 87.42 0.601 0.0 0.0 0.0 648.0 0.057299302860428336 0.0026 -0.0026 14.2 0.94 -0.94 1 1 """full""" 545.6284834379377 1456.8240870195466 99 2.043254488915049 289.1622106765454
"""K2-239""" """K2-239 c""" 31.0849 0.0831 -0.0826 """10h42m22.59s""" """+04d26m28.95s""" 14.632 10.781 9.971 0.4 0.01 -0.01 0.36 0.01 -0.01 3420.0 18.0 -18.0 18.0 -18.0 4.9 -1.796 2457916.86 0.0 0.0 1.0 0.1 -0.1 0.972 0.0 0.0 7.775 0.001 -0.001 0.0576 0.0009 -0.0009 88.77 0.73 0.0 0.0 0.0 427.0 0.025466356826857037 0.0016 -0.0014 34.0 3.3 -3.5 1 0 """brightsky""" 46.334090942881396 141.82171017787908 99 2.114597110468111 397.7460507458864
"""L 98-59""" """L 98-59 c""" 10.6194 0.0032 -0.0032 """08h18m07.89s""" """-68d18m52.08s""" 11.685 7.933 7.101 0.27 0.03 -0.03 0.3 0.03 -0.02 3415.0 135.0 -135.0 135.0 -135.0 4.86 -1.948 2458367.27375 0.00013 -0.00022 1.385 0.095 -0.075 2.22 0.26 -0.25 3.6906777 1.6e-06 -2.6e-06 0.0304 0.0011 -0.0012 88.11 0.601 0.103 0.045 -0.058 553.0 0.0423250850462364 0.00068 -0.00056 21.789925107948825 0.0 0.0 1 1 """sub128""" 202.24723819120425 31.647192657849335 2 4.829167540824921 6.910456874151558
"""L 98-59""" """L 98-59 d""" 10.6194 0.0032 -0.0032 """08h18m07.89s""" """-68d18m52.08s""" 11.685 7.933 7.101 0.27 0.03 -0.03 0.3 0.03 -0.02 3415.0 135.0 -135.0 135.0 -135.0 4.86 -1.948 2458362.73974 0.00031 -0.0004 1.521 0.119 -0.098 1.94 0.28 -0.28 7.4507245 8.1e-06 -4.6e-06 0.0486 0.0018 -0.0019 88.449 0.922 0.074 0.057 -0.046 416.0 0.04648119448037947 0.00106 -0.001 34.83520921862872 0.0 0.0 1 1 """sub128""" 150.06255593649053 36.32359685729475 3 4.271230132649773 8.952577092777538
"""K2-239""" """K2-239 b""" 31.0849 0.0831 -0.0826 """10h42m22.59s""" """+04d26m28.95s""" 14.632 10.781 9.971 0.4 0.01 -0.01 0.36 0.01 -0.01 3420.0 18.0 -18.0 18.0 -18.0 4.9 -1.796 2457908.191 0.0 0.0 1.1 0.1 -0.1 1.37 0.0 0.0 5.24 0.001 -0.001 0.0441 0.0008 -0.0008 88.99 0.44 0.0 0.0 0.0 502.0 0.028012992509542745 0.0013 -0.0012 24.6 1.9 -2.0 1 0 """brightsky""" 78.72872619279565 129.17604045394862 99 3.3967259679043815 448.9344878904306
"""LTT 1445 A""" """LTT 1445 A c""" 6.86929 0.003805 -0.003805 """03h01m50.99s""" """-16d35m40.18s""" 10.59 7.294 6.496 0.26 0.01 -0.01 0.27 0.01 -0.01 3340.0 150.0 -150.0 150.0 -150.0 4.95 -2.046 2458412.58159 0.00059 -0.00057 1.147 0.055 -0.054 1.54 0.2 -0.19 3.1239035 3.4e-06 -3.6e-06 0.02661 0.00047 -0.00049 87.43 0.937 0.223 0.0 0.0 508.0 0.03894654837387336 0.0018 -0.0017 21.56 0.78 -0.82 1 1 """sub64""" 170.23266506708197 35.9743941795629 3 4.428301835791806 7.02997159942731
"""LP 791-18""" """LP 791-18 d""" 26.4927 0.064 -0.0638 """11h02m45.72s""" """-16d24m23.20s""" 16.91 11.559 10.644 0.14 0.01 -0.01 0.18 0.01 -0.01 2960.0 55.0 -55.0 55.0 -55.0 5.12 -2.638 2458772.16211 0.0005 -0.00082 1.032 0.044 -0.043 0.9 0.5 -0.4 2.753436 1.3e-05 -1.3e-05 0.01992 0.00024 -0.00024 89.34 0.27 0.0015 0.00014 -0.00014 395.5 0.05256256049063293 0.0009 -0.0009 23.796891894207274 0.0 0.0 1 0 """brightsky""" 257.07009066089785 217.11101603989124 34 4.044424547452411 112.10593451240663
"""GJ 3929""" """GJ 3929 b""" 15.8095 0.0096 -0.0095 """15h58m18.62s""" """+35d24m29.21s""" 12.675 8.694 7.869 0.31 0.03 -0.02 0.32 0.01 -0.01 3384.0 88.0 -88.0 88.0 -88.0 4.89 -1.963 2458956.3962 0.0005 -0.0005 1.09 0.04 -0.04 1.75 0.44 -0.45 2.616235 5e-06 -5e-06 0.0252 0.0005 -0.0005 88.442 0.11 0.0 0.0 0.0 568.0 0.031228120058933443 0.0003 -0.0003 16.8 0.5 -0.5 1 1 """sub256""" 140.4051820015808 43.32473343311032 6 4.064682013402268 22.21052062402
"""GJ 486""" """GJ 486 b""" 8.07426 0.004095 -0.004095 """12h47m55.57s""" """+09d44m57.91s""" 11.39 7.195 6.362 0.33 0.02 -0.02 0.34 0.02 -0.02 3291.0 75.0 -75.0 75.0 -75.0 4.82 -1.916 2459309.676506 0.000102 -9.9e-05 1.343 0.063 -0.062 3.0 0.13 -0.13 1.4671205 1.2e-06 -1.1e-06 0.01713 0.00091 -0.00098 88.9 0.21 0.0 0.0 0.0 706.0 0.036213159407790706 0.00046 -0.00039 10.96 0.21 -0.44 1 1 """sub64""" 264.0957798906568 21.385997319404872 1 5.794493773478493 3.578526476704007
"""GJ 1132""" """GJ 1132 b""" 12.613 0.007 -0.007 """10h14m50.18s""" """-47d09m17.77s""" 13.68 9.245 8.322 0.19 0.0 -0.0 0.22 0.01 -0.01 3229.0 78.0 -62.0 78.0 -62.0 5.04 -2.321 2459280.98988 0.00013 -0.00013 1.192 0.038 -0.045 1.83705 0.1907 -0.18752 1.62892911 2.9e-07 -3e-07 0.0157 0.00013 -0.00013 88.16 0.504 0.0118 0.047 -0.0099 583.8 0.049673286552458604 0.00015 -0.00015 15.26 0.59 -0.45 1 1 """sub256""" 357.30456204402526 62.47386354190192 2 4.1351032965534555 6.031439615228356
"""TOI-700""" """TOI-700 b""" 31.1265 0.0206 -0.0206 """06h28m22.97s""" """-65d34m43.01s""" 13.151 9.469 8.634 0.42 0.02 -0.02 0.42 0.02 -0.02 3459.0 65.0 -65.0 65.0 -65.0 4.81 -1.64 2458880.0993 0.0015 -0.0016 0.914 0.053 -0.049 0.704 0.0 0.0 9.977219 4.1e-05 -3.8e-05 0.0677 0.0011 -0.0011 89.6 0.24 0.075 0.093 -0.054 417.0 0.01995107154835486 0.00082 -0.00083 34.3 1.5 -1.4 1 0 """sub256""" 27.602174445177404 45.48529450822013 99 3.6086131781581767 584.7958091961655
"""LHS 1815""" """LHS 1815 b""" 29.8424 0.0239 -0.0239 """06h04m21.60s""" """-55d18m41.54s""" 12.167 8.801 7.993 0.5 0.02 -0.02 0.5 0.03 -0.03 3643.0 142.0 -142.0 142.0 -142.0 4.77 -1.387 2458327.4161 0.0044 -0.0044 1.088 0.064 -0.064 1.58 0.64 -0.6 3.814334 8.4e-05 -8.4e-05 0.0404 0.0094 -0.0094 88.125 0.51 0.0 0.0 0.0 617.0 0.01994932528388673 0.0009 -0.0009 17.403 2.816 -2.816 1 1 """sub256""" 56.865870269256625 42.981734702301246 37 4.030318603914939 160.44676962183377
"""LP 791-18""" """LP 791-18 b""" 26.4927 0.064 -0.0638 """11h02m45.72s""" """-16d24m23.20s""" 16.91 11.559 10.644 0.14 0.01 -0.01 0.18 0.01 -0.01 2960.0 55.0 -55.0 55.0 -55.0 5.12 -2.638 2458774.86973 0.00018 -0.00018 1.212 0.059 -0.058 1.94 0.0 0.0 0.9479981 2.1e-06 -2.1e-06 0.00978 0.00012 -0.00012 88.37 0.33 0.0 0.0 0.0 564.3 0.061730448948301465 0.0018 -0.0018 11.0 2.0 -4.0 1 0 """brightsky""" 746.7589495140888 251.58883582195566 8 4.160230686079307 22.707188506208443
"""TOI-270""" """TOI-270 b""" 22.4793 0.01355 -0.01355 """04h33m39.86s""" """-51d57m26.62s""" 12.603 9.099 8.251 0.39 0.01 -0.01 0.38 0.01 -0.01 3506.0 70.0 -70.0 70.0 -70.0 4.87 -1.712 2458387.09505 0.00074 -0.00074 1.206 0.039 -0.039 1.58 0.26 -0.26 3.3601538 4.8e-06 -4.8e-06 0.03197 0.00022 -0.00022 89.39 0.19 0.034 0.025 -0.025 581.0 0.029095982841969084 0.00069 -0.00069 17.48 1.49 -3.24 1 1 """sub256""" 115.89667059638283 46.03261913236792 10 4.051371522203629 44.744921183778985
"""LHS 1678""" """LHS 1678 d""" 19.8782 0.0094 -0.0094 """04h32m42.96s""" """-39d47m27.15s""" 12.6 9.020001 8.264 0.35 0.01 -0.01 0.33 0.01 -0.01 3490.0 50.0 -50.0 50.0 -50.0 4.89 -1.839 2459000.45806 0.0009 -0.00087 0.981 0.07 -0.072 0.907 0.0 0.0 4.9652229 9.6e-06 -7.5e-06 0.04 0.0018 -0.0017 88.31 0.76 0.036 0.06 -0.027 462.952133709 0.027253632051432823 0.0017 -0.0018 26.01 0.94 -0.91 1 0 """sub256""" 70.16385826606665 56.43127000271266 34 4.024344631941218 118.79378422198181
"""TOI-1693""" """TOI-1693 b""" 30.7947 0.0391 -0.0391 """06h01m14.00s""" """+34d46m23.13s""" 12.962 9.192 8.331 0.49 0.03 -0.03 0.46 0.01 -0.01 3499.0 70.0 -70.0 70.0 -70.0 4.8 -1.554 2458817.6827 0.0014 -0.0014 1.41 0.1 -0.1 2.57 0.0 0.0 1.7666957 5.4e-06 -5.4e-06 0.0226 0.0004 -0.0004 88.37277257462357 0.3 0.0 0.0 0.0 764.0 0.028101571141983982 0.0 0.0 10.564623300335601 0.0 0.0 1 0 """sub256""" 165.09223036035954 54.23576752576907 9 4.21381503851361 36.154685561126726
"""TOI-6086""" """TOI-6086 b""" 31.4566 0.0406 -0.0404 """17h41m28.90s""" """+30d18m13.59s""" 14.981 10.816 9.989 0.25 0.01 -0.01 0.26 0.01 -0.01 3200.0 75.0 -75.0 75.0 -75.0 5.01 -2.198 2460131.969501 0.000567 -0.000567 1.18 0.07 -0.07 1.76 0.0 0.0 1.3888725 8.27e-05 -8.27e-05 0.01541 0.00024 -0.00024 87.3 0.608 0.0 0.0 0.0 634.0 0.041608109154034116 0.0022 -0.0022 12.744790457242843 0.0 0.0 1 0 """brightsky""" 285.66391358395987 160.53851460674787 21 4.040377787927192 61.31741305006631
"""HD 260655""" """HD 260655 b""" 10.0055 0.00505 -0.00505 """06h37m09.97s""" """+17d33m58.57s""" 9.63 6.674 5.862 0.44 0.01 -0.01 0.44 0.0 -0.0 3803.0 10.0 -10.0 10.0 -10.0 5.2 -1.44 2459497.9102 0.0003 -0.0003 1.24 0.023 -0.023 2.14 0.34 -0.34 2.76953 3e-05 -3e-05 0.02933 0.00024 -0.00024 87.35 0.665 0.039 0.043 -0.023 709.0 0.025836776562520414 0.00046 -0.00046 14.43 0.29 -0.29 1 1 """sub64""" 109.91857249271831 18.066554729263817 2 4.084100016528276 7.577346399519177
"""LHS 3844""" """LHS 3844 b""" 14.8846 0.0113 -0.0113 """22h41m59.09s""" """-69d10m19.59s""" 15.24 10.046 9.145001 0.15 0.01 -0.01 0.19 0.01 -0.01 3036.0 77.0 -77.0 77.0 -77.0 5.06 -2.565 2458325.72558 0.00025 -0.00025 1.303 0.022 -0.022 2.25 0.0 0.0 0.46292913 1.9e-06 -1.9e-06 0.00622 0.00017 -0.00017 88.5 0.186 0.0 0.0 0.0 805.0 0.06287241400180052 0.0009 -0.0009 7.109 0.029 -0.029 1 0 """sub256""" 1119.9290737062256 110.91793444148904 1 4.55117442740982 2.5453188222112018
"""LHS 1678""" """LHS 1678 c""" 19.8782 0.0094 -0.0094 """04h32m42.96s""" """-39d47m27.15s""" 12.6 9.020001 8.264 0.35 0.01 -0.01 0.33 0.01 -0.01 3490.0 50.0 -50.0 50.0 -50.0 4.89 -1.839 2458998.45607 0.00064 -0.00057 0.941 0.051 -0.05 1.4 0.0 0.0 3.694284 4.8e-06 -4.4e-06 0.0327 0.0015 -0.0015 88.82 0.44 0.039 0.04 -0.025 510.904079282 0.026142372844442693 0.0011 -0.0012 21.36 0.78 -0.75 1 0 """sub256""" 78.21294407683195 50.89699720947503 24 4.004888171096222 94.82711203176699
"""SPECULOOS-3""" """SPECULOOS-3 b""" 0.0 0.0 0.0 """20h49m27.18s""" """+33d36m44.58s""" 17.8 11.501 10.541 0.1 0.0 -0.0 0.12 0.0 -0.0 2800.0 29.0 -29.0 29.0 -29.0 5.27 -3.078 2459790.58344 0.00032 -0.00032 0.977 0.022 -0.022 0.894 0.0 0.0 0.71912603 5.7e-07 -5.7e-07 0.00733 5.5e-05 -5.5e-05 89.44 0.124 0.0 0.0 0.0 553.0 0.07464189185951799 0.0008 -0.0008 13.134880842209284 0.0 0.0 1 0 """brightsky""" 966.8170099586983 260.2212059564007 5 4.356932235806745 11.967683686280182
"""GJ 3473""" """GJ 3473 b""" 27.3644 0.0376 -0.0376 """08h02m22.47s""" """+03d20m13.79s""" 13.74 9.627 8.829001 0.36 0.02 -0.02 0.36 0.01 -0.01 3347.0 54.0 -54.0 54.0 -54.0 4.81 -1.824 2458492.20408 0.00043 -0.00042 1.264 0.05 -0.049 1.86 0.3 -0.3 1.1980035 1.8e-06 -1.9e-06 0.01589 0.00062 -0.00062 87.95 0.336 0.0 0.0 0.0 773.0 0.0321894750291473 0.00069 -0.00067 9.39 0.19 -0.21 1 1 """sub256""" 238.93047157303732 77.01588059802083 8 4.038097487140067 27.257763336780215
"""LHS 475""" """LHS 475 b""" 12.4814 0.0065 -0.0065 """19h20m57.11s""" """-82d33m35.24s""" 13.0 8.555 7.686 0.26 0.0 0.0 0.28 0.0 -0.0 3300.0 80.0 -30.0 80.0 -30.0 5.0 -2.064 2459822.376259 2.6e-05 -2.6e-05 0.991 0.05 -0.05 0.941 0.0 0.0 2.029088 6e-06 -6e-06 0.02037 0.00037 -0.00037 87.194 0.701 0.0 0.0 0.0 586.0 0.03244777664839113 0.00014 -0.00014 15.87235 0.488 -0.456 1 0 """sub128""" 157.7887092443022 49.116704955728885 6 4.0258678468094 16.979310989168244
"""LTT 3780""" """LTT 3780 b""" 21.9814 0.0403 -0.0402 """10h18m34.78s""" """-11d43m04.08s""" 13.14 9.007 8.204001 0.38 0.02 -0.03 0.38 0.01 -0.01 3358.0 92.0 -92.0 92.0 -92.0 4.85 -1.783 2459606.58098 0.00032 -0.0004 1.325 0.057 -0.058 2.46 0.19 -0.19 0.76837931 3.9e-07 -4.2e-07 0.01195 0.00028 -0.00029 86.1 0.462 0.0 0.0 0.0 903.0 0.031966979490554756 0.00068 -0.00072 6.79 0.29 -0.25 1 1 """sub256""" 303.33274870482575 59.99598759413712 4 4.382690539584338 12.417317455520717
"""TOI-5720""" """TOI-5720 b""" 35.8256 0.1273 -0.1264 """11h21m15.26s""" """+25d16m23.86s""" 13.847 10.123 9.288 0.38 0.02 -0.02 0.38 0.02 -0.02 3325.0 75.0 -75.0 75.0 -75.0 5.01 -1.792 2460076.902501 0.00067 -0.00067 1.09 0.07 -0.07 4.3 0.0 0.0 1.4344555 3.6e-06 -3.6e-06 0.018288 0.000279 -0.000279 89.3 0.14 0.0 0.0 0.0 708.0 0.02629736426015448 0.00158 -0.00158 10.348705428692039 0.0 0.0 1 0 """brightsky""" 148.91794871007318 94.23532515601254 30 4.061499702769603 109.81899868999434
"""TOI-1450 A""" """TOI-1450 A b""" 22.4467 0.0132 -0.0131 """19h07m24.98s""" """+59d05m11.85s""" 12.28 8.457 7.565 0.48 0.02 -0.02 0.48 0.03 -0.03 3437.0 86.0 -86.0 86.0 -86.0 4.76 -1.565 2458685.34221 0.00042 -0.00042 1.13 0.043 -0.043 1.258 0.128 -0.128 2.0439274 1e-06 -1e-06 0.02506787872349041 0.0 0.0 86.245 0.737 0.0 0.0 0.0 722.0 0.02158273741076134 0.0 0.0 11.23 0.0 0.0 1 1 """sub128""" 92.26789000040388 39.2124618866097 14 4.138695247315689 48.6821082745366
"""K2-91""" """K2-91 b""" 62.5785 0.2828 -0.2803 """04h12m52.38s""" """+24d12m17.00s""" 15.622 11.433 10.571 0.29 0.06 -0.06 0.28 0.04 -0.04 3622.0 104.0 -104.0 104.0 -104.0 5.0 -1.841 2457065.4319 0.0019 -0.0019 1.1 0.18 -0.18 1.37 0.0 0.0 1.419549 7.1e-05 -7.1e-05 0.0164 0.0011 -0.0011 88.62 0.0 0.09 0.168399 -0.072789 0.0 0.03601670465512638 0.0025 -0.0025 11.19 1.11 -1.18 1 0 """brightsky""" 273.3966345236504 272.8097773931312 75 4.008476345926592 258.1573754402323
"""TOI-6008""" """TOI-6008 b""" 23.1008 0.0293 -0.0291 """20h41m47.70s""" """+49d38m48.84s""" 15.97 10.416 9.541 0.23 0.01 -0.01 0.24 0.01 -0.01 3075.0 75.0 -75.0 75.0 -75.0 5.01 -2.329 2460078.016214 0.000311 -0.000311 1.03 0.05 -0.05 4.0 0.0 0.0 0.8574347 4.24e-05 -4.24e-05 0.010777 0.000162 -0.000162 87.2 0.45 0.0 0.0 0.0 707.0 0.03934552129749413 0.00109 -0.00109 9.655839756922884 0.0 0.0 1 0 """brightsky""" 360.1117321767967 127.64613884709586 9 4.037741296262288 24.840032006550665
