outputs/DDTargets_modified_4sigma.ecsv
# %ECSV 1.0
# ---
# datatype:
# - {name: hostname, datatype: string, subtype: json}
# - {name: pl_name, datatype: string, subtype: json}
# - {name: sy_dist, unit: pc, datatype: float64}
# - {name: sy_disterr1, datatype: float64}
# - {name: sy_disterr2, datatype: float64}
# - {name: rastr, unit: sexagesimal, datatype: string, subtype: json}
# - {name: decstr, unit: sexagesimal, datatype: string, subtype: json}
# - {name: sy_vmag, datatype: float64}
# - {name: sy_jmag, datatype: float64}
# - {name: sy_kmag, datatype: float64}
# - {name: st_mass, unit: Solar mass, datatype: float64}
# - {name: st_masserr1, unit: Solar mass, datatype: float64}
# - {name: st_masserr2, unit: Solar mass, datatype: float64}
# - {name: st_rad, unit: Solar Radius, datatype: float64}
# - {name: st_raderr1, unit: Solar Radius, datatype: float64}
# - {name: st_raderr2, unit: Solar Radius, datatype: float64}
# - {name: st_teff, unit: K, datatype: float64}
# - {name: st_tefferr1, unit: K, datatype: float64}
# - {name: st_tefferr2, unit: K, datatype: float64}
# - {name: st_tefferr12, unit: K, datatype: float64}
# - {name: st_tefferr22, unit: K, datatype: float64}
# - {name: st_logg, unit: log10(cm/s**2), datatype: float64}
# - {name: st_lum, unit: log(Solar), datatype: float64}
# - {name: pl_tranmid, unit: days, datatype: float64}
# - {name: pl_tranmiderr1, unit: days, datatype: float64}
# - {name: pl_tranmiderr2, unit: days, datatype: float64}
# - {name: pl_rade, unit: Earth Radius, datatype: float64}
# - {name: pl_radeerr1, unit: Earth Radius, datatype: float64}
# - {name: pl_radeerr2, unit: Earth Radius, datatype: float64}
# - {name: pl_bmasse, unit: Earth Mass, datatype: float64}
# - {name: pl_bmasseerr1, datatype: float64}
# - {name: pl_bmasseerr2, datatype: float64}
# - {name: pl_orbper, unit: days, datatype: float64}
# - {name: pl_orbpererr1, unit: days, datatype: float64}
# - {name: pl_orbpererr2, unit: days, datatype: float64}
# - {name: pl_orbsmax, datatype: float64}
# - {name: pl_orbsmaxerr1, unit: AU, datatype: float64}
# - {name: pl_orbsmaxerr2, unit: AU, datatype: float64}
# - {name: pl_orbincl, unit: deg, datatype: float64}
# - {name: pl_imppar, datatype: float64}
# - {name: pl_orbeccen, datatype: float64}
# - {name: pl_orbeccenerr1, datatype: float64}
# - {name: pl_orbeccenerr2, datatype: float64}
# - {name: pl_eqt, unit: K, datatype: float64}
# - {name: pl_ratror, datatype: float64}
# - {name: pl_ratrorerr1, datatype: float64}
# - {name: pl_ratrorerr2, datatype: float64}
# - {name: pl_ratdor, datatype: float64}
# - {name: pl_ratdorerr1, datatype: float64}
# - {name: pl_ratdorerr2, datatype: float64}
# - {name: tran_flag, datatype: int32}
# - {name: rv_flag, datatype: int32}
# - {name: subarray, datatype: string, subtype: json}
# - {name: ecl_depth, unit: ppm, datatype: float64}
# - {name: ecl_depth_err, unit: ppm, datatype: float64}
# - {name: nobs, datatype: int64}
# - {name: sigma, datatype: float64}
# - {name: obshrs, unit: h, datatype: float64}
# schema: astropy-2.0
hostname pl_name sy_dist sy_disterr1 sy_disterr2 rastr decstr sy_vmag sy_jmag sy_kmag st_mass st_masserr1 st_masserr2 st_rad st_raderr1 st_raderr2 st_teff st_tefferr1 st_tefferr2 st_tefferr12 st_tefferr22 st_logg st_lum pl_tranmid pl_tranmiderr1 pl_tranmiderr2 pl_rade pl_radeerr1 pl_radeerr2 pl_bmasse pl_bmasseerr1 pl_bmasseerr2 pl_orbper pl_orbpererr1 pl_orbpererr2 pl_orbsmax pl_orbsmaxerr1 pl_orbsmaxerr2 pl_orbincl pl_imppar pl_orbeccen pl_orbeccenerr1 pl_orbeccenerr2 pl_eqt pl_ratror pl_ratrorerr1 pl_ratrorerr2 pl_ratdor pl_ratdorerr1 pl_ratdorerr2 tran_flag rv_flag subarray ecl_depth ecl_depth_err nobs sigma obshrs
[from data line 68]
"""Wolf 327""" """Wolf 327 b""" 28.5321 0.0512 -0.0512 """09h53m30.80s""" """+35d34m13.97s""" 13.018 9.308 8.435 0.41 0.02 -0.02 0.41 0.02 -0.02 3542.0 70.0 -70.0 70.0 -70.0 4.87 -1.63 2459252.9811 0.0003 -0.0003 1.24 0.06 -0.06 2.53 0.46 -0.46 0.5734745 3e-07 -3e-07 0.01 0.0004 -0.0004 84.89 0.47 0.0 0.0 0.0 996.0 0.027727272408558493 0.0007 -0.0007 5.3 0.06 -0.06 1 1 """sub256""" 267.09840529401635 73.20483306505355 8 4.249128077686671 24.18315732868918
"""GJ 806""" """GJ 806 b""" 12.0445 0.00435 -0.00435 """20h45m04.73s""" """+44d30m00.85s""" 10.79 7.329 6.533 0.41 0.01 -0.01 0.41 0.0 -0.0 3600.0 16.0 -16.0 16.0 -16.0 4.98 -1.585 2459445.57371 0.00015 -0.00015 1.331 0.023 -0.023 1.9 0.17 -0.17 0.9263237 9e-07 -9e-07 0.01406 0.0003 -0.0003 87.7 0.3 0.0 0.0 0.0 940.0 0.029762096432089803 0.0004 -0.0004 7.374029533482683 0.0 0.0 1 1 """sub64""" 260.3942158785972 25.537164167183267 1 4.380792464971834 3.4003090522897272
"""TOI-1685""" """TOI-1685 b""" 37.6153 0.0728 -0.0725 """04h34m22.55s""" """+43d02m13.34s""" 13.378 9.616 8.758 0.45 0.02 -0.02 0.46 0.01 -0.01 3575.0 53.0 -53.0 53.0 -53.0 4.77 -1.515 2459910.93828 0.00041 -0.00039 1.468 0.05 -0.051 3.03 0.33 -0.32 0.66913924 4.2e-07 -4.2e-07 0.01138 0.00035 -0.00034 87.17 0.266 0.0 0.0 0.0 1062.0 0.02925752229534219 0.00057 -0.00061 5.158 0.019 -0.018 1 1 """sub256""" 317.54944083380644 76.55503248661573 6 4.161848210868757 20.94989933840047
"""Kepler-42""" """Kepler-42 b""" 40.0595 0.065 -0.0647 """19h28m52.70s""" """+44d37m02.52s""" 16.7 12.177 11.465 0.13 0.05 -0.05 0.17 0.04 -0.04 3068.0 174.0 -174.0 174.0 -174.0 5.11 -2.62 2455003.48329 0.00054 -0.00054 0.78 0.22 -0.22 0.399 0.0 0.0 1.2137672 4.6e-06 -4.6e-06 0.0116 0.0 0.0 85.57 0.711 0.04 0.2 -0.04 519.0 0.04206442939400856 0.0018 -0.0018 12.1 3.7 -3.7 1 0 """full""" 331.902754422284 607.4333438777101 99 2.804451059562312 218.65329569883863
"""TOI-4527""" """TOI-4527.01""" 18.1037 0.0174 -0.0174 """01h17m53.34s""" """+05d28m16.32s""" 10.917 7.839 7.02 0.48 0.0 0.0 0.49 0.0 0.0 3702.0 0.0 0.0 0.0 0.0 4.75 -1.398 2459474.200243 0.001356 -0.001356 0.909 0.953 -0.953 0.689 0.0 0.0 0.3994445 0.0 0.0 0.008332 0.0 0.0 90.0 0.0 0.0 0.0 0.0 1362.926593 0.01700736858779734 0.0 0.0 3.6564243286673532 0.0 0.0 1 0 """sub128""" 133.02426287072535 34.92068926079228 8 4.185342507406736 25.761666591411846
"""L 98-59""" """L 98-59 b""" 10.6194 0.0032 -0.0032 """08h18m07.89s""" """-68d18m52.08s""" 11.685 7.933 7.101 0.27 0.03 -0.03 0.3 0.03 -0.02 3415.0 135.0 -135.0 135.0 -135.0 4.86 -1.948 2458366.17067 0.00036 -0.00033 0.85 0.061 -0.047 0.4 0.16 -0.15 2.2531136 1.2e-06 -1.5e-06 0.02191 0.0008 -0.00084 87.71 0.53 0.103 0.117 -0.045 627.0 0.02597568396339418 0.00072 -0.00064 15.70451510247233 0.0 0.0 1 1 """sub128""" 103.03753660046598 33.154390709790654 7 4.133548391390983 22.970498790655096
"""GJ 1252""" """GJ 1252 b""" 20.373 0.0192 -0.0192 """20h27m42.88s""" """-56d27m44.23s""" 12.68 8.697 7.915 0.38 0.02 -0.02 0.39 0.02 -0.02 3458.0 140.0 -133.0 140.0 -133.0 4.89 -1.708 2458668.09744 0.00091 -0.00091 1.193 0.074 -0.074 1.32 0.28 -0.28 0.5182331 8.4e-06 -8.4e-06 0.00915 0.00015 -0.00015 85.0 0.44 0.0 0.0 0.0 1089.0 0.02804433571794503 0.0009 -0.0009 5.03 0.27 -0.27 1 1 """sub256""" 287.6657289463633 55.21816405075979 4 4.285406661850649 11.91178154274738
"""Kepler-42""" """Kepler-42 c""" 40.0595 0.065 -0.0647 """19h28m52.70s""" """+44d37m02.52s""" 16.7 12.177 11.465 0.13 0.05 -0.05 0.17 0.04 -0.04 3068.0 174.0 -174.0 174.0 -174.0 5.11 -2.62 2454966.86952 0.00042 -0.00042 0.73 0.2 -0.2 0.315 0.0 0.0 0.45328509 9.7e-07 -9.7e-07 0.006 0.0 0.0 81.11 0.52 0.0 0.1 0.0 720.0 0.03936799161234135 0.0011 -0.0011 4.44 1.8 -1.8 1 0 """full""" 637.9876272249934 459.34600736374307 48 4.036693152373445 131.48007198414584
"""GJ 367""" """GJ 367 b""" 9.41263 0.002835 -0.002835 """09h44m29.15s""" """-45d46m44.46s""" 10.153 6.632 5.78 0.46 0.01 -0.01 0.46 0.01 -0.01 3522.0 70.0 -70.0 70.0 -70.0 4.78 -1.539 2458544.13635 0.0004 -0.0004 0.699 0.024 -0.024 0.633 0.05 -0.05 0.3219225 2e-07 -2e-07 0.00709 0.00027 -0.00027 79.89 0.584 0.06 0.07 -0.04 1365.0 0.013931204417196313 0.00028 -0.00028 3.41 0.06 -0.07 1 1 """sub64""" 89.84083946980321 22.968596267857812 7 4.04212816548733 18.97886800855656
"""LHS 1678""" """LHS 1678 b""" 19.8782 0.0094 -0.0094 """04h32m42.96s""" """-39d47m27.15s""" 12.6 9.020001 8.264 0.35 0.01 -0.01 0.33 0.01 -0.01 3490.0 50.0 -50.0 50.0 -50.0 4.89 -1.839 2458998.15553 0.0007 -0.00071 0.685 0.037 -0.035 0.35 0.0 0.0 0.8602325 1.3e-06 -1.1e-06 0.01239 0.00056 -0.00057 88.53 0.21 0.033 0.035 -0.023 830.44058138 0.019030313919705895 0.00087 -0.0008 8.08 0.29 -0.28 1 0 """sub256""" 93.94100942205075 62.45898281305607 37 4.04516174246295 115.72301830381983
"""GJ 238""" """GJ 238 b""" 15.2142 0.0071 -0.0072 """06h33m49.17s""" """-58d31m30.11s""" 11.62 7.898 7.03 0.42 0.01 -0.01 0.43 0.01 -0.01 3485.0 140.0 -140.0 140.0 -140.0 4.85 -1.616 2458326.98222 0.00064 -0.0007 0.566 0.014 -0.014 0.126 0.0 0.0 1.7446999 1.9e-06 -1.8e-06 0.02123 0.00016 -0.00017 89.99 0.202 0.0 0.0 0.0 758.0 0.012067499690791605 0.00023 -0.00023 10.616587592757503 0.0 0.0 1 0 """sub128""" 30.328930740091973 27.302490026822543 61 4.023316386693715 246.74789805992958
