outputs/DDTargets_modified.ecsv
# %ECSV 1.0
# ---
# datatype:
# - {name: hostname, datatype: string, subtype: json}
# - {name: pl_name, datatype: string, subtype: json}
# - {name: sy_dist, unit: pc, datatype: float64}
# - {name: sy_disterr1, datatype: float64}
# - {name: sy_disterr2, datatype: float64}
# - {name: rastr, unit: sexagesimal, datatype: string, subtype: json}
# - {name: decstr, unit: sexagesimal, datatype: string, subtype: json}
# - {name: sy_vmag, datatype: float64}
# - {name: sy_jmag, datatype: float64}
# - {name: sy_kmag, datatype: float64}
# - {name: st_mass, unit: Solar mass, datatype: float64}
# - {name: st_masserr1, unit: Solar mass, datatype: float64}
# - {name: st_masserr2, unit: Solar mass, datatype: float64}
# - {name: st_rad, unit: Solar Radius, datatype: float64}
# - {name: st_raderr1, unit: Solar Radius, datatype: float64}
# - {name: st_raderr2, unit: Solar Radius, datatype: float64}
# - {name: st_teff, unit: K, datatype: float64}
# - {name: st_tefferr1, unit: K, datatype: float64}
# - {name: st_tefferr2, unit: K, datatype: float64}
# - {name: st_tefferr12, unit: K, datatype: float64}
# - {name: st_tefferr22, unit: K, datatype: float64}
# - {name: st_logg, unit: log10(cm/s**2), datatype: float64}
# - {name: st_lum, unit: log(Solar), datatype: float64}
# - {name: pl_tranmid, unit: days, datatype: float64}
# - {name: pl_tranmiderr1, unit: days, datatype: float64}
# - {name: pl_tranmiderr2, unit: days, datatype: float64}
# - {name: pl_rade, unit: Earth Radius, datatype: float64}
# - {name: pl_radeerr1, unit: Earth Radius, datatype: float64}
# - {name: pl_radeerr2, unit: Earth Radius, datatype: float64}
# - {name: pl_bmasse, unit: Earth Mass, datatype: float64}
# - {name: pl_bmasseerr1, datatype: float64}
# - {name: pl_bmasseerr2, datatype: float64}
# - {name: pl_orbper, unit: days, datatype: float64}
# - {name: pl_orbpererr1, unit: days, datatype: float64}
# - {name: pl_orbpererr2, unit: days, datatype: float64}
# - {name: pl_orbsmax, datatype: float64}
# - {name: pl_orbsmaxerr1, unit: AU, datatype: float64}
# - {name: pl_orbsmaxerr2, unit: AU, datatype: float64}
# - {name: pl_orbincl, unit: deg, datatype: float64}
# - {name: pl_imppar, datatype: float64}
# - {name: pl_orbeccen, datatype: float64}
# - {name: pl_orbeccenerr1, datatype: float64}
# - {name: pl_orbeccenerr2, datatype: float64}
# - {name: pl_eqt, unit: K, datatype: float64}
# - {name: pl_ratror, datatype: float64}
# - {name: pl_ratrorerr1, datatype: float64}
# - {name: pl_ratrorerr2, datatype: float64}
# - {name: pl_ratdor, datatype: float64}
# - {name: pl_ratdorerr1, datatype: float64}
# - {name: pl_ratdorerr2, datatype: float64}
# - {name: tran_flag, datatype: int32}
# - {name: rv_flag, datatype: int32}
# - {name: subarray, datatype: string, subtype: json}
# - {name: ecl_depth, unit: ppm, datatype: float64}
# - {name: ecl_depth_err, unit: ppm, datatype: float64}
# - {name: nobs, datatype: int64}
# - {name: sigma, datatype: float64}
# - {name: obshrs, unit: h, datatype: float64}
# schema: astropy-2.0
hostname pl_name sy_dist sy_disterr1 sy_disterr2 rastr decstr sy_vmag sy_jmag sy_kmag st_mass st_masserr1 st_masserr2 st_rad st_raderr1 st_raderr2 st_teff st_tefferr1 st_tefferr2 st_tefferr12 st_tefferr22 st_logg st_lum pl_tranmid pl_tranmiderr1 pl_tranmiderr2 pl_rade pl_radeerr1 pl_radeerr2 pl_bmasse pl_bmasseerr1 pl_bmasseerr2 pl_orbper pl_orbpererr1 pl_orbpererr2 pl_orbsmax pl_orbsmaxerr1 pl_orbsmaxerr2 pl_orbincl pl_imppar pl_orbeccen pl_orbeccenerr1 pl_orbeccenerr2 pl_eqt pl_ratror pl_ratrorerr1 pl_ratrorerr2 pl_ratdor pl_ratdorerr1 pl_ratdorerr2 tran_flag rv_flag subarray ecl_depth ecl_depth_err nobs sigma obshrs
[from data line 35]
"""TOI-6086""" """TOI-6086 b""" 31.4566 0.0406 -0.0404 """17h41m28.90s""" """+30d18m13.59s""" 14.981 10.816 9.989 0.25 0.01 -0.01 0.26 0.01 -0.01 3200.0 75.0 -75.0 75.0 -75.0 5.01 -2.198 2460131.969501 0.000567 -0.000567 1.18 0.07 -0.07 1.76 0.0 0.0 1.3888725 8.27e-05 -8.27e-05 0.01541 0.00024 -0.00024 87.3 0.608 0.0 0.0 0.0 634.0 0.041608109154034116 0.0022 -0.0022 12.744790457242843 0.0 0.0 1 0 """brightsky""" 285.66391358395987 160.53851460674787 12 3.1186368594457137 35.03852174289504
"""K2-239""" """K2-239 d""" 31.0849 0.0831 -0.0826 """10h42m22.59s""" """+04d26m28.95s""" 14.632 10.781 9.971 0.4 0.01 -0.01 0.36 0.01 -0.01 3420.0 18.0 -18.0 18.0 -18.0 4.9 -1.796 2457908.381 0.0 0.0 1.1 0.1 -0.1 1.37 0.0 0.0 10.115 0.001 -0.001 0.0685 0.0012 -0.0012 89.43 0.39 0.0 0.0 0.0 399.0 0.028012992509542745 0.0012 -0.0012 38.8 2.9 -3.3 1 0 """brightsky""" 48.30008123781409 115.50313073866546 99 2.660330215024255 524.2735518498744
"""TOI-700""" """TOI-700 d""" 31.1265 0.0206 -0.0206 """06h28m22.97s""" """-65d34m43.01s""" 13.151 9.469 8.634 0.42 0.02 -0.02 0.42 0.02 -0.02 3459.0 65.0 -65.0 65.0 -65.0 4.81 -1.64 2458816.9952 0.0011 -0.0013 1.073 0.059 -0.054 1.25 0.0 0.0 37.42396 0.00039 -0.00035 0.1633 0.0027 -0.0027 89.8 0.29 0.042 0.045 -0.03 268.8 0.023421772178757943 0.00077 -0.0008 82.9 3.5 -3.3 1 0 """sub256""" 12.155953944544807 36.69559559472147 99 2.5213763152689777 818.840071700622
"""K2-239""" """K2-239 b""" 31.0849 0.0831 -0.0826 """10h42m22.59s""" """+04d26m28.95s""" 14.632 10.781 9.971 0.4 0.01 -0.01 0.36 0.01 -0.01 3420.0 18.0 -18.0 18.0 -18.0 4.9 -1.796 2457908.191 0.0 0.0 1.1 0.1 -0.1 1.37 0.0 0.0 5.24 0.001 -0.001 0.0441 0.0008 -0.0008 88.99 0.44 0.0 0.0 0.0 502.0 0.028012992509542745 0.0013 -0.0012 24.6 1.9 -2.0 1 0 """brightsky""" 78.72872619279565 129.17604045394862 76 3.012407968547776 344.6365765623508
"""HD 260655""" """HD 260655 b""" 10.0055 0.00505 -0.00505 """06h37m09.97s""" """+17d33m58.57s""" 9.63 6.674 5.862 0.44 0.01 -0.01 0.44 0.0 -0.0 3803.0 10.0 -10.0 10.0 -10.0 5.2 -1.44 2459497.9102 0.0003 -0.0003 1.24 0.023 -0.023 2.14 0.34 -0.34 2.76953 3e-05 -3e-05 0.02933 0.00024 -0.00024 87.35 0.665 0.039 0.043 -0.023 709.0 0.025836776562520414 0.00046 -0.00046 14.43 0.29 -0.29 1 1 """sub64""" 109.91857249271831 18.066554729263817 2 4.084100016528276 7.577346399519177
"""TOI-270""" """TOI-270 b""" 22.4793 0.01355 -0.01355 """04h33m39.86s""" """-51d57m26.62s""" 12.603 9.099 8.251 0.39 0.01 -0.01 0.38 0.01 -0.01 3506.0 70.0 -70.0 70.0 -70.0 4.87 -1.712 2458387.09505 0.00074 -0.00074 1.206 0.039 -0.039 1.58 0.26 -0.26 3.3601538 4.8e-06 -4.8e-06 0.03197 0.00022 -0.00022 89.39 0.19 0.034 0.025 -0.025 581.0 0.029095982841969084 0.00069 -0.00069 17.48 1.49 -3.24 1 1 """sub256""" 115.89667059638283 46.03261913236792 6 3.196662173424829 26.846952710267388
"""TOI-1693""" """TOI-1693 b""" 30.7947 0.0391 -0.0391 """06h01m14.00s""" """+34d46m23.13s""" 12.962 9.192 8.331 0.49 0.03 -0.03 0.46 0.01 -0.01 3499.0 70.0 -70.0 70.0 -70.0 4.8 -1.554 2458817.6827 0.0014 -0.0014 1.41 0.1 -0.1 2.57 0.0 0.0 1.7666957 5.4e-06 -5.4e-06 0.0226 0.0004 -0.0004 88.37277257462357 0.3 0.0 0.0 0.0 764.0 0.028101571141983982 0.0 0.0 10.564623300335601 0.0 0.0 1 0 """sub256""" 165.09223036035954 54.23576752576907 5 3.2055428282409246 20.08593642284818
"""K2-129""" """K2-129 b""" 27.7957 0.0746 -0.0742 """19h16m35.65s""" """-25d38m46.76s""" 13.639 9.697 8.852 0.36 0.07 -0.07 0.36 0.03 -0.03 3459.09 89.05 -83.62 89.05 -83.62 4.87 -1.828 2457335.009 0.001 -0.001 1.04 0.1 -0.09 1.12 0.0 0.0 8.239493 0.000292 -0.000291 0.057 0.003 -0.004 89.21 0.0 0.13 0.210105 -0.109504 0.0 0.026485011099931323 0.00123 -0.00087 34.37 4.51 -4.7 1 0 """sub256""" 48.99209132756609 60.65611690832974 38 3.0267162738640243 183.76325988969796
"""GJ 3929""" """GJ 3929 b""" 15.8095 0.0096 -0.0095 """15h58m18.62s""" """+35d24m29.21s""" 12.675 8.694 7.869 0.31 0.03 -0.02 0.32 0.01 -0.01 3384.0 88.0 -88.0 88.0 -88.0 4.89 -1.963 2458956.3962 0.0005 -0.0005 1.09 0.04 -0.04 1.75 0.44 -0.45 2.616235 5e-06 -5e-06 0.0252 0.0005 -0.0005 88.442 0.11 0.0 0.0 0.0 568.0 0.031228120058933443 0.0003 -0.0003 16.8 0.5 -0.5 1 1 """sub256""" 140.4051820015808 43.32473343311032 4 3.3648561414811753 14.807013749346666
"""GJ 3473""" """GJ 3473 b""" 27.3644 0.0376 -0.0376 """08h02m22.47s""" """+03d20m13.79s""" 13.74 9.627 8.829001 0.36 0.02 -0.02 0.36 0.01 -0.01 3347.0 54.0 -54.0 54.0 -54.0 4.81 -1.824 2458492.20408 0.00043 -0.00042 1.264 0.05 -0.049 1.86 0.3 -0.3 1.1980035 1.8e-06 -1.9e-06 0.01589 0.00062 -0.00062 87.95 0.336 0.0 0.0 0.0 773.0 0.0321894750291473 0.00069 -0.00067 9.39 0.19 -0.21 1 1 """sub256""" 238.93047157303732 77.01588059802083 5 3.246302113816596 17.036102085487634
"""K2-239""" """K2-239 c""" 31.0849 0.0831 -0.0826 """10h42m22.59s""" """+04d26m28.95s""" 14.632 10.781 9.971 0.4 0.01 -0.01 0.36 0.01 -0.01 3420.0 18.0 -18.0 18.0 -18.0 4.9 -1.796 2457916.86 0.0 0.0 1.0 0.1 -0.1 0.972 0.0 0.0 7.775 0.001 -0.001 0.0576 0.0009 -0.0009 88.77 0.73 0.0 0.0 0.0 427.0 0.025466356826857037 0.0016 -0.0014 34.0 3.3 -3.5 1 0 """brightsky""" 46.334090942881396 141.82171017787908 99 2.114597110468111 397.7460507458864
"""SPECULOOS-3""" """SPECULOOS-3 b""" 0.0 0.0 0.0 """20h49m27.18s""" """+33d36m44.58s""" 17.8 11.501 10.541 0.1 0.0 -0.0 0.12 0.0 -0.0 2800.0 29.0 -29.0 29.0 -29.0 5.27 -3.078 2459790.58344 0.00032 -0.00032 0.977 0.022 -0.022 0.894 0.0 0.0 0.71912603 5.7e-07 -5.7e-07 0.00733 5.5e-05 -5.5e-05 89.44 0.124 0.0 0.0 0.0 553.0 0.07464189185951799 0.0008 -0.0008 13.134880842209284 0.0 0.0 1 0 """brightsky""" 966.8170099586983 260.2212059564007 3 3.428936180284629 7.1806102117681085
"""LHS 1815""" """LHS 1815 b""" 29.8424 0.0239 -0.0239 """06h04m21.60s""" """-55d18m41.54s""" 12.167 8.801 7.993 0.5 0.02 -0.02 0.5 0.03 -0.03 3643.0 142.0 -142.0 142.0 -142.0 4.77 -1.387 2458327.4161 0.0044 -0.0044 1.088 0.064 -0.064 1.58 0.64 -0.6 3.814334 8.4e-05 -8.4e-05 0.0404 0.0094 -0.0094 88.125 0.51 0.0 0.0 0.0 617.0 0.01994932528388673 0.0009 -0.0009 17.403 2.816 -2.816 1 1 """sub256""" 56.865870269256625 42.981734702301246 20 3.034320744662057 86.72798357936959
"""Gliese 12""" """Gliese 12 b""" 12.21 0.01305 -0.01305 """00h15m49.90s""" """+13d33m27.42s""" 12.6 8.619 7.807 0.24 0.01 -0.01 0.26 0.01 -0.01 3296.0 48.0 -36.0 48.0 -36.0 5.21 -2.138 2459497.1865 0.0026 -0.0026 0.958 0.046 -0.048 3.87 0.0 0.0 12.761408 5e-05 -5e-05 0.0668 0.0024 -0.0024 89.194 0.759 0.5 0.0 0.0 314.6 0.033780142855563286 0.0015 -0.0015 55.24672307227916 0.0 0.0 1 0 """sub128""" 42.292559315717206 39.02700454491915 16 3.011376016821185 62.50014913643386
"""TOI-700""" """TOI-700 e""" 31.1265 0.0206 -0.0206 """06h28m22.97s""" """-65d34m43.01s""" 13.151 9.469 8.634 0.42 0.02 -0.02 0.42 0.02 -0.02 3459.0 65.0 -65.0 65.0 -65.0 4.81 -1.64 2458964.8112 0.0058 -0.0045 0.953 0.089 -0.075 0.818 0.0 0.0 27.80978 0.00046 -0.0004 0.134 0.0022 -0.0022 89.6 0.47 0.059 0.057 -0.042 272.897605776 0.020802375476566937 0.0017 -0.0014 68.6054972853652 0.0 0.0 1 0 """sub256""" 12.662206284456273 40.41035078822884 99 2.321599358908115 701.2615457687026
"""K2-91""" """K2-91 b""" 62.5785 0.2828 -0.2803 """04h12m52.38s""" """+24d12m17.00s""" 15.622 11.433 10.571 0.29 0.06 -0.06 0.28 0.04 -0.04 3622.0 104.0 -104.0 104.0 -104.0 5.0 -1.841 2457065.4319 0.0019 -0.0019 1.1 0.18 -0.18 1.37 0.0 0.0 1.419549 7.1e-05 -7.1e-05 0.0164 0.0011 -0.0011 88.62 0.0 0.09 0.168399 -0.072789 0.0 0.03601670465512638 0.0025 -0.0025 11.19 1.11 -1.18 1 0 """brightsky""" 273.3966345236504 272.8097773931312 40 3.000572272330488 137.6839335681239
"""LP 791-18""" """LP 791-18 d""" 26.4927 0.064 -0.0638 """11h02m45.72s""" """-16d24m23.20s""" 16.91 11.559 10.644 0.14 0.01 -0.01 0.18 0.01 -0.01 2960.0 55.0 -55.0 55.0 -55.0 5.12 -2.638 2458772.16211 0.0005 -0.00082 1.032 0.044 -0.043 0.9 0.5 -0.4 2.753436 1.3e-05 -1.3e-05 0.01992 0.00024 -0.00024 89.34 0.27 0.0015 0.00014 -0.00014 395.5 0.05256256049063293 0.0009 -0.0009 23.796891894207274 0.0 0.0 1 0 """brightsky""" 257.07009066089785 217.11101603989124 18 3.016132876285557 59.35020062421528
"""LHS 1678""" """LHS 1678 d""" 19.8782 0.0094 -0.0094 """04h32m42.96s""" """-39d47m27.15s""" 12.6 9.020001 8.264 0.35 0.01 -0.01 0.33 0.01 -0.01 3490.0 50.0 -50.0 50.0 -50.0 4.89 -1.839 2459000.45806 0.0009 -0.00087 0.981 0.07 -0.072 0.907 0.0 0.0 4.9652229 9.6e-06 -7.5e-06 0.04 0.0018 -0.0017 88.31 0.76 0.036 0.06 -0.027 462.952133709 0.027253632051432823 0.0017 -0.0018 26.01 0.94 -0.91 1 0 """sub256""" 70.16385826606665 56.43127000271266 18 3.0019120796304404 62.890826941049184
"""TOI-6008""" """TOI-6008 b""" 23.1008 0.0293 -0.0291 """20h41m47.70s""" """+49d38m48.84s""" 15.97 10.416 9.541 0.23 0.01 -0.01 0.24 0.01 -0.01 3075.0 75.0 -75.0 75.0 -75.0 5.01 -2.329 2460078.016214 0.000311 -0.000311 1.03 0.05 -0.05 4.0 0.0 0.0 0.8574347 4.24e-05 -4.24e-05 0.010777 0.000162 -0.000162 87.2 0.45 0.0 0.0 0.0 707.0 0.03934552129749413 0.00109 -0.00109 9.655839756922884 0.0 0.0 1 0 """brightsky""" 360.1117321767967 127.64613884709586 5 3.0773324071236914 13.800017781417036
"""LTT 3780""" """LTT 3780 b""" 21.9814 0.0403 -0.0402 """10h18m34.78s""" """-11d43m04.08s""" 13.14 9.007 8.204001 0.38 0.02 -0.03 0.38 0.01 -0.01 3358.0 92.0 -92.0 92.0 -92.0 4.85 -1.783 2459606.58098 0.00032 -0.0004 1.325 0.057 -0.058 2.46 0.19 -0.19 0.76837931 3.9e-07 -4.2e-07 0.01195 0.00028 -0.00029 86.1 0.462 0.0 0.0 0.0 903.0 0.031966979490554756 0.00068 -0.00072 6.79 0.29 -0.25 1 1 """sub256""" 303.33274870482575 59.99598759413712 2 3.17266953756422 6.208658727760358
"""LHS 475""" """LHS 475 b""" 12.4814 0.0065 -0.0065 """19h20m57.11s""" """-82d33m35.24s""" 13.0 8.555 7.686 0.26 0.0 0.0 0.28 0.0 -0.0 3300.0 80.0 -30.0 80.0 -30.0 5.0 -2.064 2459822.376259 2.6e-05 -2.6e-05 0.991 0.05 -0.05 0.941 0.0 0.0 2.029088 6e-06 -6e-06 0.02037 0.00037 -0.00037 87.194 0.701 0.0 0.0 0.0 586.0 0.03244777664839113 0.00014 -0.00014 15.87235 0.488 -0.456 1 0 """sub128""" 157.7887092443022 49.116704955728885 4 3.3336449026143278 11.319540659445495
"""TOI-5720""" """TOI-5720 b""" 35.8256 0.1273 -0.1264 """11h21m15.26s""" """+25d16m23.86s""" 13.847 10.123 9.288 0.38 0.02 -0.02 0.38 0.02 -0.02 3325.0 75.0 -75.0 75.0 -75.0 5.01 -1.792 2460076.902501 0.00067 -0.00067 1.09 0.07 -0.07 4.3 0.0 0.0 1.4344555 3.6e-06 -3.6e-06 0.018288 0.000279 -0.000279 89.3 0.14 0.0 0.0 0.0 708.0 0.02629736426015448 0.00158 -0.00158 10.348705428692039 0.0 0.0 1 0 """brightsky""" 148.91794871007318 94.23532515601254 16 3.038278574915753 58.57013263466365
"""LHS 1678""" """LHS 1678 c""" 19.8782 0.0094 -0.0094 """04h32m42.96s""" """-39d47m27.15s""" 12.6 9.020001 8.264 0.35 0.01 -0.01 0.33 0.01 -0.01 3490.0 50.0 -50.0 50.0 -50.0 4.89 -1.839 2458998.45607 0.00064 -0.00057 0.941 0.051 -0.05 1.4 0.0 0.0 3.694284 4.8e-06 -4.4e-06 0.0327 0.0015 -0.0015 88.82 0.44 0.039 0.04 -0.025 510.904079282 0.026142372844442693 0.0011 -0.0012 21.36 0.78 -0.75 1 0 """sub256""" 78.21294407683195 50.89699720947503 13 3.018921037340191 51.36468568387379
"""TOI-540""" """TOI-540 b""" 14.0022 0.0088 -0.0089 """05h05m14.33s""" """-47d56m15.14s""" 14.823 9.755 8.9 0.16 0.01 -0.01 0.19 0.01 -0.01 3216.0 83.0 -83.0 83.0 -83.0 4.44 -2.461 2458411.82601 0.00046 -0.00046 0.903 0.052 -0.052 0.674 0.0 0.0 1.2391491 1.7e-06 -1.7e-06 0.01223 0.00036 -0.00036 86.8 0.772 0.0 0.0 0.0 611.0 0.04357159619618256 0.0012 -0.0012 13.9 0.72 -0.72 1 0 """sub256""" 314.499767744456 105.26219697540466 4 3.0749817849194057 9.80962030942489
"""TOI-700""" """TOI-700 b""" 31.1265 0.0206 -0.0206 """06h28m22.97s""" """-65d34m43.01s""" 13.151 9.469 8.634 0.42 0.02 -0.02 0.42 0.02 -0.02 3459.0 65.0 -65.0 65.0 -65.0 4.81 -1.64 2458880.0993 0.0015 -0.0016 0.914 0.053 -0.049 0.704 0.0 0.0 9.977219 4.1e-05 -3.8e-05 0.0677 0.0011 -0.0011 89.6 0.24 0.075 0.093 -0.054 417.0 0.01995107154835486 0.00082 -0.00083 34.3 1.5 -1.4 1 0 """sub256""" 27.602174445177404 45.48529450822013 67 3.0190352589930147 395.77090117316243
"""Wolf 327""" """Wolf 327 b""" 28.5321 0.0512 -0.0512 """09h53m30.80s""" """+35d34m13.97s""" 13.018 9.308 8.435 0.41 0.02 -0.02 0.41 0.02 -0.02 3542.0 70.0 -70.0 70.0 -70.0 4.87 -1.63 2459252.9811 0.0003 -0.0003 1.24 0.06 -0.06 2.53 0.46 -0.46 0.5734745 3e-07 -3e-07 0.01 0.0004 -0.0004 84.89 0.47 0.0 0.0 0.0 996.0 0.027727272408558493 0.0007 -0.0007 5.3 0.06 -0.06 1 1 """sub256""" 267.09840529401635 73.20483306505355 4 3.080703074437411 12.09157866434459
"""Kepler-42""" """Kepler-42 b""" 40.0595 0.065 -0.0647 """19h28m52.70s""" """+44d37m02.52s""" 16.7 12.177 11.465 0.13 0.05 -0.05 0.17 0.04 -0.04 3068.0 174.0 -174.0 174.0 -174.0 5.11 -2.62 2455003.48329 0.00054 -0.00054 0.78 0.22 -0.22 0.399 0.0 0.0 1.2137672 4.6e-06 -4.6e-06 0.0116 0.0 0.0 85.57 0.711 0.04 0.2 -0.04 519.0 0.04206442939400856 0.0018 -0.0018 12.1 3.7 -3.7 1 0 """full""" 331.902754422284 607.4333438777101 99 2.804451059562312 218.65329569883863
"""TOI-1450 A""" """TOI-1450 A b""" 22.4467 0.0132 -0.0131 """19h07m24.98s""" """+59d05m11.85s""" 12.28 8.457 7.565 0.48 0.02 -0.02 0.48 0.03 -0.03 3437.0 86.0 -86.0 86.0 -86.0 4.76 -1.565 2458685.34221 0.00042 -0.00042 1.13 0.043 -0.043 1.258 0.128 -0.128 2.0439274 1e-06 -1e-06 0.02506787872349041 0.0 0.0 86.245 0.737 0.0 0.0 0.0 722.0 0.02158273741076134 0.0 0.0 11.23 0.0 0.0 1 1 """sub128""" 92.26789000040388 39.2124618866097 7 3.0047792142067182 24.3410541372683
"""GJ 806""" """GJ 806 b""" 12.0445 0.00435 -0.00435 """20h45m04.73s""" """+44d30m00.85s""" 10.79 7.329 6.533 0.41 0.01 -0.01 0.41 0.0 -0.0 3600.0 16.0 -16.0 16.0 -16.0 4.98 -1.585 2459445.57371 0.00015 -0.00015 1.331 0.023 -0.023 1.9 0.17 -0.17 0.9263237 9e-07 -9e-07 0.01406 0.0003 -0.0003 87.7 0.3 0.0 0.0 0.0 940.0 0.029762096432089803 0.0004 -0.0004 7.374029533482683 0.0 0.0 1 1 """sub64""" 260.3942158785972 25.537164167183267 1 4.380792464971834 3.4003090522897272
"""L 98-59""" """L 98-59 b""" 10.6194 0.0032 -0.0032 """08h18m07.89s""" """-68d18m52.08s""" 11.685 7.933 7.101 0.27 0.03 -0.03 0.3 0.03 -0.02 3415.0 135.0 -135.0 135.0 -135.0 4.86 -1.948 2458366.17067 0.00036 -0.00033 0.85 0.061 -0.047 0.4 0.16 -0.15 2.2531136 1.2e-06 -1.5e-06 0.02191 0.0008 -0.00084 87.71 0.53 0.103 0.117 -0.045 627.0 0.02597568396339418 0.00072 -0.00064 15.70451510247233 0.0 0.0 1 1 """sub128""" 103.03753660046598 33.154390709790654 4 3.187513328044527 13.125999308945769
"""Kepler-42""" """Kepler-42 c""" 40.0595 0.065 -0.0647 """19h28m52.70s""" """+44d37m02.52s""" 16.7 12.177 11.465 0.13 0.05 -0.05 0.17 0.04 -0.04 3068.0 174.0 -174.0 174.0 -174.0 5.11 -2.62 2454966.86952 0.00042 -0.00042 0.73 0.2 -0.2 0.315 0.0 0.0 0.45328509 9.7e-07 -9.7e-07 0.006 0.0 0.0 81.11 0.52 0.0 0.1 0.0 720.0 0.03936799161234135 0.0011 -0.0011 4.44 1.8 -1.8 1 0 """full""" 637.9876272249934 459.34600736374307 26 3.0417299063553243 71.21837232474566
"""GJ 1252""" """GJ 1252 b""" 20.373 0.0192 -0.0192 """20h27m42.88s""" """-56d27m44.23s""" 12.68 8.697 7.915 0.38 0.02 -0.02 0.39 0.02 -0.02 3458.0 140.0 -133.0 140.0 -133.0 4.89 -1.708 2458668.09744 0.00091 -0.00091 1.193 0.074 -0.074 1.32 0.28 -0.28 0.5182331 8.4e-06 -8.4e-06 0.00915 0.00015 -0.00015 85.0 0.44 0.0 0.0 0.0 1089.0 0.02804433571794503 0.0009 -0.0009 5.03 0.27 -0.27 1 1 """sub256""" 287.6657289463633 55.21816405075979 2 3.105668502840941 5.95589077137369
