outputs/DDTargets_modified.ecsv
# %ECSV 1.0
# ---
# datatype:
# - {name: hostname, datatype: string, subtype: json}
# - {name: pl_name, datatype: string, subtype: json}
# - {name: sy_dist, unit: pc, datatype: float64}
# - {name: sy_disterr1, datatype: float64}
# - {name: sy_disterr2, datatype: float64}
# - {name: rastr, unit: sexagesimal, datatype: string, subtype: json}
# - {name: decstr, unit: sexagesimal, datatype: string, subtype: json}
# - {name: sy_vmag, datatype: float64}
# - {name: sy_jmag, datatype: float64}
# - {name: sy_kmag, datatype: float64}
# - {name: st_mass, unit: Solar mass, datatype: float64}
# - {name: st_masserr1, unit: Solar mass, datatype: float64}
# - {name: st_masserr2, unit: Solar mass, datatype: float64}
# - {name: st_rad, unit: Solar Radius, datatype: float64}
# - {name: st_raderr1, unit: Solar Radius, datatype: float64}
# - {name: st_raderr2, unit: Solar Radius, datatype: float64}
# - {name: st_teff, unit: K, datatype: float64}
# - {name: st_tefferr1, unit: K, datatype: float64}
# - {name: st_tefferr2, unit: K, datatype: float64}
# - {name: st_tefferr12, unit: K, datatype: float64}
# - {name: st_tefferr22, unit: K, datatype: float64}
# - {name: st_logg, unit: log10(cm/s**2), datatype: float64}
# - {name: st_lum, unit: log(Solar), datatype: float64}
# - {name: pl_tranmid, unit: days, datatype: float64}
# - {name: pl_tranmiderr1, unit: days, datatype: float64}
# - {name: pl_tranmiderr2, unit: days, datatype: float64}
# - {name: pl_rade, unit: Earth Radius, datatype: float64}
# - {name: pl_radeerr1, unit: Earth Radius, datatype: float64}
# - {name: pl_radeerr2, unit: Earth Radius, datatype: float64}
# - {name: pl_bmasse, unit: Earth Mass, datatype: float64}
# - {name: pl_bmasseerr1, datatype: float64}
# - {name: pl_bmasseerr2, datatype: float64}
# - {name: pl_orbper, unit: days, datatype: float64}
# - {name: pl_orbpererr1, unit: days, datatype: float64}
# - {name: pl_orbpererr2, unit: days, datatype: float64}
# - {name: pl_orbsmax, datatype: float64}
# - {name: pl_orbsmaxerr1, unit: AU, datatype: float64}
# - {name: pl_orbsmaxerr2, unit: AU, datatype: float64}
# - {name: pl_orbincl, unit: deg, datatype: float64}
# - {name: pl_imppar, datatype: float64}
# - {name: pl_orbeccen, datatype: float64}
# - {name: pl_orbeccenerr1, datatype: float64}
# - {name: pl_orbeccenerr2, datatype: float64}
# - {name: pl_eqt, unit: K, datatype: float64}
# - {name: pl_ratror, datatype: float64}
# - {name: pl_ratrorerr1, datatype: float64}
# - {name: pl_ratrorerr2, datatype: float64}
# - {name: pl_ratdor, datatype: float64}
# - {name: pl_ratdorerr1, datatype: float64}
# - {name: pl_ratdorerr2, datatype: float64}
# - {name: tran_flag, datatype: int32}
# - {name: rv_flag, datatype: int32}
# - {name: subarray, datatype: string, subtype: json}
# - {name: ecl_depth, unit: ppm, datatype: float64}
# - {name: ecl_depth_err, unit: ppm, datatype: float64}
# - {name: nobs, datatype: int64}
# - {name: sigma, datatype: float64}
# - {name: obshrs, unit: h, datatype: float64}
# schema: astropy-2.0
hostname pl_name sy_dist sy_disterr1 sy_disterr2 rastr decstr sy_vmag sy_jmag sy_kmag st_mass st_masserr1 st_masserr2 st_rad st_raderr1 st_raderr2 st_teff st_tefferr1 st_tefferr2 st_tefferr12 st_tefferr22 st_logg st_lum pl_tranmid pl_tranmiderr1 pl_tranmiderr2 pl_rade pl_radeerr1 pl_radeerr2 pl_bmasse pl_bmasseerr1 pl_bmasseerr2 pl_orbper pl_orbpererr1 pl_orbpererr2 pl_orbsmax pl_orbsmaxerr1 pl_orbsmaxerr2 pl_orbincl pl_imppar pl_orbeccen pl_orbeccenerr1 pl_orbeccenerr2 pl_eqt pl_ratror pl_ratrorerr1 pl_ratrorerr2 pl_ratdor pl_ratdorerr1 pl_ratdorerr2 tran_flag rv_flag subarray ecl_depth ecl_depth_err nobs sigma obshrs
[from data line 68]
"""LHS 1678""" """LHS 1678 b""" 19.8782 0.0094 -0.0094 """04h32m42.96s""" """-39d47m27.15s""" 12.6 9.020001 8.264 0.35 0.01 -0.01 0.33 0.01 -0.01 3490.0 50.0 -50.0 50.0 -50.0 4.89 -1.839 2458998.15553 0.0007 -0.00071 0.685 0.037 -0.035 0.35 0.0 0.0 0.8602325 1.3e-06 -1.1e-06 0.01239 0.00056 -0.00057 88.53 0.21 0.033 0.035 -0.023 830.44058138 0.019030313919705895 0.00087 -0.0008 8.08 0.29 -0.28 1 0 """sub256""" 93.94100942205075 62.45898281305607 20 3.04495544686434 62.55298286692963
"""GJ 238""" """GJ 238 b""" 15.2142 0.0071 -0.0072 """06h33m49.17s""" """-58d31m30.11s""" 11.62 7.898 7.03 0.42 0.01 -0.01 0.43 0.01 -0.01 3485.0 140.0 -140.0 140.0 -140.0 4.85 -1.616 2458326.98222 0.00064 -0.0007 0.566 0.014 -0.014 0.126 0.0 0.0 1.7446999 1.9e-06 -1.8e-06 0.02123 0.00016 -0.00017 89.99 0.202 0.0 0.0 0.0 758.0 0.012067499690791605 0.00023 -0.00023 10.616587592757503 0.0 0.0 1 0 """sub128""" 30.328930740091973 27.302490026822543 33 3.030418739528104 133.48656780291273
"""GJ 367""" """GJ 367 b""" 9.41263 0.002835 -0.002835 """09h44m29.15s""" """-45d46m44.46s""" 10.153 6.632 5.78 0.46 0.01 -0.01 0.46 0.01 -0.01 3522.0 70.0 -70.0 70.0 -70.0 4.78 -1.539 2458544.13635 0.0004 -0.0004 0.699 0.024 -0.024 0.633 0.05 -0.05 0.3219225 2e-07 -2e-07 0.00709 0.00027 -0.00027 79.89 0.584 0.06 0.07 -0.04 1365.0 0.013931204417196313 0.00028 -0.00028 3.41 0.06 -0.07 1 1 """sub64""" 89.84083946980321 22.968596267857812 4 3.1199301866157105 10.84506743346089
"""TOI-4527""" """TOI-4527.01""" 18.1037 0.0174 -0.0174 """01h17m53.34s""" """+05d28m16.32s""" 10.917 7.839 7.02 0.48 0.0 0.0 0.49 0.0 0.0 3702.0 0.0 0.0 0.0 0.0 4.75 -1.398 2459474.200243 0.001356 -0.001356 0.909 0.953 -0.953 0.689 0.0 0.0 0.3994445 0.0 0.0 0.008332 0.0 0.0 90.0 0.0 0.0 0.0 0.0 1362.926593 0.01700736858779734 0.0 0.0 3.6564243286673532 0.0 0.0 1 0 """sub128""" 133.02426287072535 34.92068926079228 4 3.036836326845106 12.880833295705923
